layer side bar threshold
0 0 0  0.766475
0 0 1  0.830138
0 0 2  1.08193
0 0 3  0.960168
0 0 4  0.959483
0 0 5  0.762582
0 0 6  0.826972
0 0 7  0.71128
0 0 8  0.938035
0 0 9  0.75608
0 0 10  0.859538
0 0 11  0.871725
0 0 12  0.853248
0 0 13  0.950177
0 0 14  1.02751
0 0 15  1.00857
0 0 16  0.952655
0 0 17  0.704864
0 0 18  0.833601
0 0 19  1.33744
0 0 20  0.956771
0 0 21  0.703614
0 1 0  0.768135
0 1 1  0.792262
0 1 2  0.842607
0 1 3  0.842767
0 1 4  0.880728
0 1 5  0.922307
0 1 6  0.977677
0 1 7  0.758569
0 1 8  0.874017
0 1 9  0.909291
0 1 10  0.912302
0 1 11  1.2579
0 1 12  0.80612
0 1 13  0.757682
0 1 14  1.23859
0 1 15  0.980377
0 1 16  1.00678
0 1 17  1.03794
0 1 18  0.940754
0 1 19  1.1043
0 1 20  0.910403
0 1 21  1.16777
1 0 0  0.750018
1 0 1  0.753332
1 0 2  0.760948
1 0 3  0.801991
1 0 4  0.59837
1 0 5  0.664401
1 0 6  0.761877
1 0 7  0.721036
1 0 8  0.584476
1 0 9  0.738233
1 0 10  0.713698
1 0 11  0.736375
1 0 12  0.56625
1 0 13  0.769666
1 0 14  0.671916
1 0 15  0.821674
1 0 16  0.578882
1 0 17  0.768817
1 0 18  0.803751
1 0 19  0.957357
1 0 20  0.822702
1 0 21  1.05348
1 1 0  1.12943
1 1 1  1.51276
1 1 2  1.72385
1 1 3  2.14479
1 1 4  1.45014
1 1 5  1.83809
1 1 6  1.4253
1 1 7  0.975885
1 1 8  1.4809
1 1 9  1.64638
1 1 10  1.23685
1 1 11  1.88863
1 1 12  1.58826
1 1 13  1.81449
1 1 14  1.69085
1 1 15  1.67903
1 1 16  1.92267
1 1 17  2.01192
1 1 18  2.1186
1 1 19  1.76315
1 1 20  1.79415
1 1 21  1.57032
2 0 0  0.688309
2 0 1  0.818859
2 0 2  0.696226
2 0 3  0.766169
2 0 4  0.750527
2 0 5  0.90122
2 0 6  0.724428
2 0 7  0.805241
2 0 8  0.740936
2 0 9  0.668238
2 0 10  0.658867
2 0 11  0.862287
2 0 12  0.883261
2 0 13  0.793436
2 0 14  0.726451
2 0 15  0.749092
2 0 16  0.728073
2 0 17  0.845504
2 0 18  0.673656
2 0 19  0.630397
2 0 20  0.828493
2 0 21  0.68486
2 1 0  2.89959
2 1 1  2.60118
2 1 2  2.53521
2 1 3  3.26178
2 1 4  2.64938
2 1 5  2.86594
2 1 6  3.0926
2 1 7  2.70383
2 1 8  2.92184
2 1 9  2.67127
2 1 10  2.70063
2 1 11  2.48751
2 1 12  2.15304
2 1 13  1.96248
2 1 14  2.01076
2 1 15  2.90684
2 1 16  2.48599
2 1 17  2.16171
2 1 18  2.67055
2 1 19  2.39142
2 1 20  2.73505
2 1 21  2.75158
3 0 0  0.774838
3 0 1  0.805795
3 0 2  0.756984
3 0 3  0.826435
3 0 4  0.725831
3 0 5  0.74285
3 0 6  0.755377
3 0 7  0.657485
3 0 8  0.877273
3 0 9  0.62537
3 0 10  0.694025
3 0 11  0.754899
3 0 12  0.643153
3 0 13  0.643579
3 0 14  0.735368
3 0 15  0.783924
3 0 16  0.609418
3 0 17  0.86692
3 0 18  0.646231
3 0 19  0.763443
3 0 20  0.775387
3 0 21  0.744989
3 1 0  1.53863
3 1 1  1.86628
3 1 2  2.00304
3 1 3  3.04393
3 1 4  3.33244
3 1 5  2.48895
3 1 6  3.10964
3 1 7  3.22195
3 1 8  2.96325
3 1 9  3.25231
3 1 10  3.15221
3 1 11  2.74399
3 1 12  2.34077
3 1 13  3.84212
3 1 14  2.27711
3 1 15  4.40364
3 1 16  3.16571
3 1 17  4.06509
3 1 18  2.70354
3 1 19  3.18622
3 1 20  3.39297
3 1 21  2.54023
4 0 0  0.590865
4 0 1  0.634378
4 0 2  0.564092
4 0 3  0.556593
4 0 4  0.569722
4 0 5  0.554424
4 0 6  0.708022
4 0 7  0.549291
4 0 8  0.580836
4 0 9  0.549286
4 0 10  0.66484
4 0 11  0.584775
4 0 12  0.607288
4 0 13  0.520638
4 0 14  0.616289
4 0 15  0.567178
4 0 16  0.681164
4 0 17  0.618626
4 0 18  0.512676
4 0 19  0.583989
4 0 20  0.734352
4 0 21  0.719855
4 1 0  2.02558
4 1 1  2.34245
4 1 2  2.40019
4 1 3  2.51702
4 1 4  1.7642
4 1 5  2.39382
4 1 6  2.08529
4 1 7  1.8159
4 1 8  2.43995
4 1 9  2.0881
4 1 10  2.14329
4 1 11  2.19702
4 1 12  2.40938
4 1 13  1.91552
4 1 14  1.89
4 1 15  2.18943
4 1 16  2.20404
4 1 17  2.2598
4 1 18  2.24492
4 1 19  2.43317
4 1 20  2.00032
4 1 21  2.0668
5 0 0  0.683944
5 0 1  0.754281
5 0 2  0.653341
5 0 3  0.722089
5 0 4  0.617412
5 0 5  0.73706
5 0 6  0.713328
5 0 7  0.674576
5 0 8  0.575415
5 0 9  0.526812
5 0 10  0.59866
5 0 11  0.538717
5 0 12  0.634464
5 0 13  0.507641
5 0 14  0.702249
5 0 15  0.583858
5 0 16  0.674416
5 0 17  0.634568
5 0 18  0.601898
5 0 19  0.500156
5 0 20  0.643923
5 0 21  0.634967
5 1 0  1.51887
5 1 1  1.76463
5 1 2  2.49664
5 1 3  2.18817
5 1 4  2.11736
5 1 5  2.88714
5 1 6  2.66073
5 1 7  1.6891
5 1 8  1.23121
5 1 9  1.31692
5 1 10  2.33081
5 1 11  1.98088
5 1 12  2.09555
5 1 13  2.13951
5 1 14  1.97986
5 1 15  2.39215
5 1 16  3.45032
5 1 17  2.7199
5 1 18  2.83411
5 1 19  2.28741
5 1 20  2.29697
5 1 21  2.50481
6 0 0  0.50147
6 0 1  0.599018
6 0 2  0.445306
6 0 3  0.514997
6 0 4  0.545339
6 0 5  0.537669
6 0 6  0.535268
6 0 7  0.673052
6 0 8  0.658728
6 0 9  0.578035
6 0 10  0.576127
6 0 11  0.578683
6 0 12  0.598597
6 0 13  0.677042
6 0 14  0.539113
6 0 15  0.573355
6 0 16  0.561909
6 0 17  0.611131
6 0 18  0.526287
6 0 19  0.652316
6 0 20  0.631679
6 0 21  0.586535
6 1 0  2.09619
6 1 1  2.06602
6 1 2  1.89447
6 1 3  2.09114
6 1 4  2.55034
6 1 5  1.88054
6 1 6  2.19669
6 1 7  2.29885
6 1 8  2.16164
6 1 9  2.0599
6 1 10  2.27159
6 1 11  2.64161
6 1 12  2.23382
6 1 13  2.1083
6 1 14  2.13727
6 1 15  2.20225
6 1 16  1.82296
6 1 17  2.58003
6 1 18  2.4917
6 1 19  2.33836
6 1 20  2.41665
6 1 21  2.0511
7 0 0  0.724824
7 0 1  0.800657
7 0 2  0.77753
7 0 3  0.738011
7 0 4  0.756884
7 0 5  0.73187
7 0 6  0.771072
7 0 7  0.763069
7 0 8  0.689211
7 0 9  0.66389
7 0 10  0.661158
7 0 11  0.621707
7 0 12  0.651084
7 0 13  0.605876
7 0 14  0.594153
7 0 15  0.499195
7 0 16  0.60729
7 0 17  0.796254
7 0 18  0.698202
7 0 19  0.652959
7 0 20  0.648701
7 0 21  0.72184
7 1 0  2.21439
7 1 1  2.57339
7 1 2  2.21297
7 1 3  3.05687
7 1 4  3.27351
7 1 5  1.55155
7 1 6  3.25815
7 1 7  2.91163
7 1 8  3.39116
7 1 9  2.74219
7 1 10  2.12455
7 1 11  2.58499
7 1 12  3.46878
7 1 13  2.8825
7 1 14  2.87185
7 1 15  2.71823
7 1 16  3.6914
7 1 17  1.79692
7 1 18  3.66074
7 1 19  3.56445
7 1 20  3.1235
7 1 21  2.64058
8 0 0  0.774746
8 0 1  0.731268
8 0 2  0.746147
8 0 3  0.75938
8 0 4  0.636446
8 0 5  0.689776
8 0 6  0.719516
8 0 7  0.735477
8 0 8  0.846377
8 0 9  0.641402
8 0 10  0.66323
8 0 11  0.724502
8 0 12  0.910942
8 0 13  0.749073
8 0 14  0.683985
8 0 15  0.719496
8 0 16  0.640458
8 0 17  0.643196
8 0 18  0.617286
8 0 19  0.707249
8 0 20  0.643729
8 0 21  0.659096
8 1 0  2.79845
8 1 1  2.89269
8 1 2  2.9037
8 1 3  2.70247
8 1 4  2.13523
8 1 5  2.4425
8 1 6  2.81718
8 1 7  2.13393
8 1 8  2.62314
8 1 9  2.87289
8 1 10  3.07208
8 1 11  2.30548
8 1 12  2.40226
8 1 13  2.52952
8 1 14  2.50523
8 1 15  2.644
8 1 16  2.69528
8 1 17  2.37296
8 1 18  2.29155
8 1 19  2.33073
8 1 20  3.04017
8 1 21  2.64661
9 0 0  0.612049
9 0 1  0.660491
9 0 2  0.625763
9 0 3  0.574312
9 0 4  0.617857
9 0 5  0.580842
9 0 6  0.567641
9 0 7  0.615734
9 0 8  0.616728
9 0 9  0.600319
9 0 10  0.527985
9 0 11  0.667854
9 0 12  0.575542
9 0 13  0.55667
9 0 14  0.590341
9 0 15  0.661125
9 0 16  0.595272
9 0 17  0.637764
9 0 18  0.64774
9 0 19  0.608087
9 0 20  0.580137
9 0 21  0.566635
9 1 0  3.18645
9 1 1  1.79829
9 1 2  2.28127
9 1 3  1.69427
9 1 4  2.55032
9 1 5  2.52957
9 1 6  2.89538
9 1 7  1.96271
9 1 8  2.18362
9 1 9  1.6572
9 1 10  2.5456
9 1 11  2.27629
9 1 12  1.68633
9 1 13  1.49182
9 1 14  2.44058
9 1 15  2.28976
9 1 16  2.75145
9 1 17  1.58898
9 1 18  1.6826
9 1 19  2.46172
9 1 20  2.66001
9 1 21  2.31639
10 0 0  0.693004
10 0 1  0.605631
10 0 2  0.617758
10 0 3  0.757381
10 0 4  0.595639
10 0 5  0.60578
10 0 6  0.66856
10 0 7  0.69222
10 0 8  0.681943
10 0 9  0.663432
10 0 10  0.652591
10 0 11  0.634886
10 0 12  0.675899
10 0 13  0.673395
10 0 14  0.660538
10 0 15  0.563012
10 0 16  0.670541
10 0 17  0.581738
10 0 18  0.613113
10 0 19  0.636526
10 0 20  0.665536
10 0 21  0.687396
10 1 0  3.40515
10 1 1  3.75017
10 1 2  3.28677
10 1 3  3.73097
10 1 4  3.07815
10 1 5  3.6576
10 1 6  3.05212
10 1 7  3.19835
10 1 8  2.46504
10 1 9  3.66243
10 1 10  3.1924
10 1 11  3.19955
10 1 12  2.62072
10 1 13  3.38207
10 1 14  2.89261
10 1 15  3.02234
10 1 16  2.23087
10 1 17  2.86129
10 1 18  2.84518
10 1 19  2.77761
10 1 20  2.89554
10 1 21  3.10867
11 0 0  0.666709
11 0 1  1.74657
11 0 2  2.77999
11 0 3  2.40659
11 0 4  1.34031
11 0 5  1.27492
11 0 6  0.552663
11 0 7  0.779393
11 0 8  1.18464
11 0 9  0.806739
11 0 10  0.77951
11 0 11  0.654842
11 0 12  0.722441
11 0 13  0.662083
11 0 14  0.806315
11 0 15  0.638294
11 0 16  0.784828
11 0 17  0.905408
11 0 18  0.744296
11 0 19  0.734563
11 0 20  0.719047
11 0 21  0.62226
11 1 0  2.39532
11 1 1  2.55246
11 1 2  2.34915
11 1 3  1.88086
11 1 4  2.37252
11 1 5  3.06048
11 1 6  1.85266
11 1 7  1.43326
11 1 8  2.58827
11 1 9  1.46236
11 1 10  2.00376
11 1 11  2.38465
11 1 12  2.86801
11 1 13  2.56513
11 1 14  2.26979
11 1 15  2.07265
11 1 16  2.51465
11 1 17  1.91437
11 1 18  2.28983
11 1 19  2.35792
11 1 20  2.3409
11 1 21  1.99588
12 0 0  0.555377
12 0 1  0.620642
12 0 2  0.534215
12 0 3  0.621708
12 0 4  0.533791
12 0 5  0.593475
12 0 6  0.632954
12 0 7  0.583551
12 0 8  0.542562
12 0 9  0.524955
12 0 10  0.527869
12 0 11  0.550524
12 0 12  0.639112
12 0 13  0.617355
12 0 14  0.651218
12 0 15  0.60839
12 0 16  0.613387
12 0 17  0.603589
12 0 18  0.594444
12 0 19  0.704521
12 0 20  0.562492
12 0 21  0.709818
12 1 0  1.38607
12 1 1  1.29808
12 1 2  1.09772
12 1 3  1.24415
12 1 4  1.40095
12 1 5  1.1493
12 1 6  1.29029
12 1 7  1.17821
12 1 8  1.13764
12 1 9  1.20051
12 1 10  1.0776
12 1 11  1.20948
12 1 12  1.15816
12 1 13  1.13329
12 1 14  1.42394
12 1 15  1.51815
12 1 16  1.35238
12 1 17  1.49399
12 1 18  1.54955
12 1 19  1.41258
12 1 20  1.33275
12 1 21  1.75585
13 0 0  0.69857
13 0 1  0.654457
13 0 2  0.808969
13 0 3  0.670145
13 0 4  0.820128
13 0 5  0.619412
13 0 6  1.20334
13 0 7  0.771446
13 0 8  0.755527
13 0 9  0.899958
13 0 10  0.71082
13 0 11  0.735163
13 0 12  0.700317
13 0 13  0.71516
13 0 14  0.678732
13 0 15  0.684092
13 0 16  0.755689
13 0 17  0.699019
13 0 18  0.72356
13 0 19  0.715337
13 0 20  0.685482
13 0 21  0.700233
13 1 0  0.713252
13 1 1  0.699824
13 1 2  0.974467
13 1 3  0.590083
13 1 4  1.10621
13 1 5  0.493788
13 1 6  0.661839
13 1 7  0.676634
13 1 8  0.657238
13 1 9  0.609846
13 1 10  0.597243
13 1 11  0.647777
13 1 12  0.73332
13 1 13  0.745984
13 1 14  0.715676
13 1 15  0.549663
13 1 16  0.929343
13 1 17  0.54468
13 1 18  0.587248
13 1 19  0.794961
13 1 20  0.722145
13 1 21  0.584707
