0  0		120.772	
0  1		175.05	
0  2		117.303	
0  3		155.508	
0  4		133.977	
0  5		159.365	
0  6		166.453	
0  7		143.72	
0  8		220.088	
0  9		165.356	
0  10		196.232	
0  11		118.722	
0  12		238.997	
0  13		122.066	
0  14		190.284	
0  15		157.585	
0  16		209.817	
0  17		187.869	
0  18		184.855	
0  19		147.36	
0  20		184.688	
0  21		172.36	
1  0		129.316	
1  1		170.426	
1  2		126.814	
1  3		173.391	
1  4		168.224	
1  5		164.2	
1  6		156.452	
1  7		154.524	
1  8		145.469	
1  9		172.432	
1  10		170.282	
1  11		146.653	
1  12		194.748	
1  13		166.732	
1  14		144.845	
1  15		176.075	
1  16		154.069	
1  17		183.79	
1  18		197.928	
1  19		156.628	
1  20		156.534	
1  21		139.304	
2  0		153.455	
2  1		194.534	
2  2		170.166	
2  3		138.405	
2  4		172.206	
2  5		169.213	
2  6		159.473	
2  7		154.831	
2  8		159.982	
2  9		173.889	
2  10		159.734	
2  11		151.255	
2  12		162.227	
2  13		166.632	
2  14		165.898	
2  15		166.829	
2  16		195.586	
2  17		215.29	
2  18		165.548	
2  19		191.606	
2  20		185.091	
2  21		179.758	
3  0		183.95	
3  1		183.195	
3  2		143.095	
3  3		191.23	
3  4		172.17	
3  5		172.028	
3  6		149.293	
3  7		205.247	
3  8		168.858	
3  9		208.862	
3  10		179.276	
3  11		152.085	
3  12		180.123	
3  13		193.543	
3  14		170.73	
3  15		176.627	
3  16		182.622	
3  17		172.604	
3  18		251	
3  19		135.68	
3  20		166.165	
3  21		192.057	
4  0		188.182	
4  1		184.098	
4  2		176.151	
4  3		151.659	
4  4		192.974	
4  5		170.126	
4  6		186.811	
4  7		183.167	
4  8		169.186	
4  9		166.208	
4  10		155.383	
4  11		169.558	
4  12		156.951	
4  13		167.472	
4  14		154.982	
4  15		152.426	
4  16		185.744	
4  17		170.739	
4  18		145.801	
4  19		166.033	
4  20		170.924	
4  21		147.215	
5  0		142.906	
5  1		141.715	
5  2		141.48	
5  3		132.565	
5  4		137.912	
5  5		216.972	
5  6		153.339	
5  7		147.785	
5  8		146.344	
5  9		154.707	
5  10		118.851	
5  11		189.883	
5  12		115.35	
5  13		189.415	
5  14		139.575	
5  15		171.58	
5  16		179.711	
5  17		142.67	
5  18		141.654	
5  19		211.33	
5  20		144.172	
5  21		220.325	
6  0		148.311	
6  1		147.996	
6  2		162.181	
6  3		147.953	
6  4		133.922	
6  5		168.285	
6  6		109.821	
6  7		131.482	
6  8		118.224	
6  9		131.668	
6  10		152.23	
6  11		158.845	
6  12		137.286	
6  13		117.187	
6  14		126.866	
6  15		159.328	
6  16		113.399	
6  17		147.593	
6  18		116.581	
6  19		97.6682	
6  20		158.984	
6  21		121.058	
7  0		135.424	
7  1		150.941	
7  2		116.805	
7  3		156.133	
7  4		136.855	
7  5		134.314	
7  6		130.589	
7  7		135.875	
7  8		139.057	
7  9		122.9	
7  10		113.549	
7  11		97.2966	
7  12		154.543	
7  13		134.046	
7  14		156.084	
7  15		203.291	
7  16		145.793	
7  17		134.94	
7  18		143.676	
7  19		157.462	
7  20		139.108	
7  21		148.245	
8  0		206.236	
8  1		163.058	
8  2		203.926	
8  3		201.087	
8  4		144.872	
8  5		160.715	
8  6		206.542	
8  7		141.751	
8  8		178.274	
8  9		181.944	
8  10		133.477	
8  11		205.856	
8  12		143.31	
8  13		160.936	
8  14		176.833	
8  15		189.124	
8  16		185.686	
8  17		214.144	
8  18		173.735	
8  19		187.271	
8  20		163.894	
8  21		224.851	
9  0		144.85	
9  1		126.401	
9  2		154.871	
9  3		126.593	
9  4		135.392	
9  5		123.264	
9  6		121.344	
9  7		142.191	
9  8		118.476	
9  9		115.093	
9  10		140.618	
9  11		145.762	
9  12		112.22	
9  13		120.52	
9  14		128.168	
9  15		139.512	
9  16		145.279	
9  17		128.812	
9  18		147.518	
9  19		134.466	
9  20		220.485	
9  21		162.627	
10  0		147.016	
10  1		186.021	
10  2		150.16	
10  3		169.957	
10  4		155.305	
10  5		156.774	
10  6		163.93	
10  7		147.729	
10  8		142.987	
10  9		129.259	
10  10		166.033	
10  11		138.925	
10  12		149.78	
10  13		182.503	
10  14		162.714	
10  15		160.81	
10  16		132.825	
10  17		217.664	
10  18		170.287	
10  19		144.487	
10  20		160.56	
10  21		195.395	
11  0		147.702	
11  1		155.112	
11  2		167.87	
11  3		151.773	
11  4		138.087	
11  5		154.489	
11  6		154.338	
11  7		147.244	
11  8		142.435	
11  9		114.048	
11  10		155.098	
11  11		186.052	
11  12		143.464	
11  13		161.028	
11  14		148.246	
11  15		154.897	
11  16		165.989	
11  17		159.267	
11  18		164.078	
11  19		142.962	
11  20		142.901	
11  21		164.98	
12  0		147.139	
12  1		182.648	
12  2		134.13	
12  3		184.841	
12  4		163.094	
12  5		167.684	
12  6		162.894	
12  7		133.642	
12  8		157.711	
12  9		113.786	
12  10		163.655	
12  11		130.161	
12  12		140.775	
12  13		155.376	
12  14		136.235	
12  15		152.149	
12  16		145.37	
12  17		144.672	
12  18		160.259	
12  19		156.647	
12  20		163.443	
12  21		122.84	
13  0		134.686	
13  1		151.514	
13  2		166.91	
13  3		157.436	
13  4		146.174	
13  5		137.843	
13  6		153.037	
13  7		154.409	
13  8		140.929	
13  9		135.152	
13  10		144.096	
13  11		138.496	
13  12		148.944	
13  13		152.09	
13  14		157.003	
13  15		165.292	
13  16		155.563	
13  17		139.191	
13  18		176.146	
13  19		160.655	
13  20		138.276	
13  21		175.917	
