153.251 8.00069
62.5248 7.49605
-104.806 6.9181
157.456 8.37311
102.686 7.47555
-137.927 7.24583
166.642 8.26539
20.2543 7.47968
-137.681 9.07819
115.714 8.32234
133.775 7.42647
-99.84 7.55705
112.904 8.06482
108.423 7.75633
-57.8235 7.11482
112.802 7.92457
4.62348 6.99277
-97.691 7.28592
109.51 7.74792
70.1263 7.89242
-148.874 7.59322
94.9456 7.66559
50.9957 7.09136
-83.2714 6.49013
107.041 7.69907
44.861 7.43309
-96.042 7.75438
116.263 7.45434
51.9773 7.01027
-110.181 6.81043
15.6166 7.3214
29.4332 7.07042
-148.437 6.75583
102.766 7.33277
73.8611 6.97402
-183.432 7.0774
91.9048 7.27274
63.1058 7.3878
-170.457 7.1758
57.5037 7.27494
19.5813 7.17342
-254.261 7.00407
-16.0282 7.84795
59.5512 7.38901
-221.737 9.46684
-19.2319 7.34348
72.0938 7.55279
-248.323 7.47969
21.7847 7.39393
65.3145 7.16023
-207.428 8.53267
33.3973 7.94374
50.7954 7.7432
-207.927 7.56977
-30.5776 7.95854
77.1533 7.29005
-258.27 7.16635
50.2892 7.86305
89.691 7.26097
-253.493 10.1868
-42.8105 8.0137
26.8743 7.97788
-203.758 8.13832
-32.2212 8.00479
82.6402 7.74306
-177.028 7.81066
-45.4972 7.07391
-120.631 7.1002
-23.0962 6.89018
10.4262 7.8456
-159.601 8.01565
-28.3413 7.58558
-0.451973 6.95644
-119.729 7.46498
-40.6179 7.67079
29.2242 7.1193
-64.3572 7.6367
-1.51364 7.04363
85.2148 6.91361
-58.6035 6.93377
-48.7812 7.15136
41.967 6.96266
-91.6869 7.22347
-29.0001 8.05019
51.2264 6.73491
-156.208 7.21871
-2.98516 7.00327
16.7262 7.02831
-100.802 7.09314
2.7097 6.64847
-32.9634 7.40558
-117.53 6.74332
-34.6781 7.4834
-6.36069 6.9025
-85.2857 6.93923
-4.2878 7.17246
-28.483 6.84017
-65.5404 7.71544
-12.3185 6.78372
-50.3852 7.31272
2.41255 6.42652
-24.1085 8.64439
-30.0686 7.46902
-77.474 7.10451
-3.00742 6.68217
-35.0131 7.50622
-47.1979 7.13082
26.3575 6.52597
-131.27 7.76154
-87.6854 7.24182
-16.1716 8.75054
-36.8813 7.42442
-103.31 7.21608
-49.9389 6.96846
-16.8089 7.70836
-50.5418 7.447
-30.7139 7.41939
-68.2936 7.8226
-20.3072 8.95409
47.493 7.89035
-31.5606 7.62988
-59.9408 7.20255
-38.6909 6.90714
-15.6692 8.09132
-44.9415 7.44223
18.7632 7.11905
-93.6501 8.35789
-50.0273 7.53118
-41.9509 7.01199
-130.17 8.59039
-62.8705 7.53211
-100.195 9.00247
-16.7261 7.76127
-3.29416 7.20672
39.1445 7.45534
44.1756 7.53596
17.6812 8.33615
32.9244 7.75587
11.4129 7.894
-3.18018 7.17847
54.7866 7.64334
37.7465 7.53597
12.4511 7.60502
23.1833 7.34304
93.6451 7.58141
24.5772 7.34769
24.1296 7.22156
121.351 7.21332
38.3732 7.26704
75.4378 7.05481
72.5898 7.40828
-41.6364 7.20724
-15.8306 7.30596
64.6667 7.31001
-7.96071 7.61851
24.2241 7.56147
93.3352 7.32485
-1.08034 7.00702
-3.62715 6.80927
75.3419 7.25497
-40.9009 7.22653
44.2362 6.86815
70.25 7.39226
-127.071 7.37514
78.5525 7.14607
92.0118 7.43721
-65.3503 7.24395
83.2667 6.71736
36.1167 7.61794
-45.7919 6.85869
22.0087 6.28045
114.786 8.14873
-94.197 7.44339
45.9507 6.74398
64.7905 7.49773
-122.731 7.42621
24.135 7.39887
70.0257 7.66321
-136.093 7.20598
-2.85284 7.00209
87.057 7.95606
-111.775 7.6644
1.5479 6.67468
63.5423 8.4382
-86.6508 7.62936
15.3615 7.28027
-2.10955 7.69561
-90.925 7.70005
20.5792 7.05583
112.594 8.1975
-105.109 7.50606
15.5094 7.96393
153.121 8.40349
-45.8356 7.62633
1.02311 6.99045
71.0071 8.34716
-20.9676 7.64585
36.4849 7.33741
-54.0771 8.37907
100.995 7.69601
-15.6701 7.58402
-139.839 8.78417
84.9361 7.72469
-4.38218 7.57371
-103.951 8.28752
39.0793 7.35959
22.1867 7.63442
-88.8294 8.72456
56.7429 7.7999
-20.4156 7.63465
-79.2561 8.28891
9.01803 7.40767
-65.1382 7.26579
-187.23 8.51903
66.0594 7.50835
-58.4811 7.49863
-111.974 8.23085
3.58197 7.12961
-52.9376 7.03536
-157.9 8.35235
16.6579 7.5699
-3.93187 6.61697
-128.146 8.19211
37.1703 7.41318
-9.28222 7.70723
-120.866 8.35893
92.416 7.55831
-21.6637 7.40975
-150.504 8.04846
137.734 6.79262
-85.7263 6.70915
-129.051 8.16738
45.6395 7.17136
-30.3852 7.54356
-108.121 8.10591
155.894 7.2368
-31.6862 7.25271
-119.565 7.59858
115.04 6.88539
-14.4794 7.09609
-104.616 7.73544
52.5762 7.11772
-49.6241 7.26794
-26.0569 7.75496
1.36829 7.2384
18.8196 7.39563
1.36096 7.6002
68.1016 8.06768
8.86634 7.44822
-13.7177 8.29065
47.0054 7.77507
42.0878 7.87106
27.1125 8.03362
64.3997 7.56751
9.70877 7.67017
-78.9995 7.7715
2.03779 7.86409
-24.7198 7.89983
10.1677 7.99699
47.6745 8.23163
-68.6763 7.61157
-18.7784 7.98683
44.418 7.79051
-75.1149 7.55424
42.0609 8.05832
121.256 7.66657
-8.13932 7.56667
-11.3577 7.40628
96.1561 7.22407
12.5775 7.125
-26.2364 7.93521
166.917 7.48687
5.05304 6.87824
-22.3757 7.58994
155.517 7.70416
-9.05936 7.25167
-53.6167 7.67134
128.507 7.62067
-26.4521 7.11398
-45.2831 7.7002
173.832 7.52991
38.8879 7.06508
-11.3426 7.65498
112.215 7.40305
-7.72139 6.92535
-67.9131 7.68172
147.972 7.15526
38.5094 7.17466
-5.86669 7.51507
147.511 7.0634
77.725 7.06836
-126.06 7.89513
132.134 7.10619
22.2453 6.57429
-47.8363 7.96502
153.524 7.28067
55.153 6.49883
-81.7215 7.44734
99.9544 6.90598
0.99412 6.78014
-73.2581 6.98623
161.848 7.53744
16.566 7.70242
-120.811 7.37663
131.234 7.18971
15.1281 7.06432
-67.0903 7.52029
140.979 7.32288
0.167241 6.952
-42.4237 7.34288
106.504 7.07733
23.8738 7.70947
-91.1853 7.83365
114.092 6.96367
0.826873 6.85842
-81.6852 7.5302
117.928 7.2185
73.9195 7.87009
-72.9743 7.59089
55.2514 7.49634
-16.3062 7.77146
-109.915 7.52414
22.2963 7.30805
-69.6752 7.39561
-97.6901 7.93438
75.8585 7.45693
-62.2526 7.3772
-164.319 8.25301
64.3256 7.85639
-43.6106 7.36102
-48.6265 7.11374
-201.578 7.62233
-83.8235 7.77589
10.5468 7.08799
-155.939 7.43678
-51.1373 7.23757
-45.9604 7.01654
-208.095 7.48617
-143.406 7.50998
-52.0868 7.04411
-143.975 7.56188
-37.8327 7.44159
-80.8616 7.21954
-105.833 7.24743
-56.9685 7.53207
-72.9928 6.97201
-203.086 7.19007
5.26624 6.8518
-31.6624 7.08666
-191.308 7.57408
-17.476 6.84903
-55.9833 6.57921
-192.229 7.23225
-9.11149 6.59187
-61.0733 6.96202
-82.5448 7.14062
-43.1754 7.05011
-82.7328 7.73238
-117.466 6.84939
-58.9844 7.06025
-1.20285 6.99528
-108.134 6.95475
-31.2239 7.18682
-59.8372 6.94674
-143.448 7.37248
18.0541 7.08467
-24.8226 7.00927
-96.2261 7.29479
-70.6794 6.38222
-80.9358 7.44818
-103.511 7.05014
-71.7733 6.66998
-33.3884 7.65327
-38.4654 6.93747
-35.4223 6.74279
-92.8105 7.37072
-82.1361 7.52577
15.8684 7.5777
-41.5023 7.1162
-109.7 7.27246
-4.33619 6.57203
-108.207 7.39852
-103.247 7.17407
-14.786 6.88608
-36.4887 7.61859
-83.6014 7.29396
-8.86256 7.04736
-53.7702 7.09745
-52.1648 7.2307
6.17809 6.5173
-102.909 7.61584
-78.9365 7.34084
-20.4601 7.7493
-145.985 7.89338
-69.5733 7.35309
-0.210866 7.03249
-153.535 7.89728
-63.4824 8.10414
-17.9731 7.6079
-90.1423 8.14819
-4.78951 7.10143
13.7525 7.6927
-72.9098 7.79881
-114.783 7.65876
19.0522 7.66709
-48.2142 7.87424
-46.8557 7.60463
21.9446 7.97468
-98.5877 7.84579
-54.0588 7.53829
-1.98852 7.02081
-41.4755 7.33866
-73.9202 6.95697
-23.3074 7.44729
-79.6252 7.7716
-16.1789 7.55674
4.02913 7.00843
-58.3402 7.96967
-18.8297 6.96114
59.7943 6.96567
-1.10367 7.1562
-13.7687 7.29024
36.0398 7.24691
-25.1982 7.39729
55.7022 7.28916
41.899 7.01449
-53.277 7.64486
-30.0351 7.70002
48.908 7.10042
-90.7283 7.95083
4.35204 6.94176
81.6093 7.06569
-63.7049 7.75572
-5.22725 6.67824
76.8196 6.60606
-7.81051 7.68429
19.0607 7.19449
103.828 6.95451
-32.2192 7.91355
-27.3154 7.19519
82.7452 6.64628
26.2605 8.2831
-30.7927 7.52062
16.3686 7.11454
5.76812 7.17843
-29.1338 7.24053
68.37 6.59264
26.25 7.29048
-24.3579 6.82386
26.3153 6.70198
-20.3808 8.46464
14.4139 7.77891
78.5984 7.40024
-3.94802 7.36121
-27.0226 7.35765
27.4211 8.15504
17.8823 8.00041
7.48645 7.28427
34.5541 7.35396
46.3844 8.10755
41.4941 7.6268
28.5726 7.29743
140.181 8.26786
135.254 7.97947
146.338 7.23237
182.413 8.12323
103.368 7.76363
186.391 7.31462
141.054 7.91278
130.144 7.89901
162.379 7.33945
170.709 7.81911
134.342 7.75304
155.617 7.4969
152.343 7.7709
55.2936 7.64758
238.321 7.36166
100.191 7.72194
79.5164 7.68403
87.426 7.20253
106.339 7.81646
66.3955 7.55751
177.72 6.83053
126.597 7.91296
97.558 7.69038
190.491 7.35067
118.608 7.95401
58.2996 7.29698
72.688 6.86013
41.3359 7.76446
91.0222 7.47972
124.83 7.30964
90.2197 7.66771
24.4016 7.33251
166.836 7.21775
119.059 7.61439
63.8632 7.6872
59.2101 7.02803
75.8256 7.65499
-24.2627 7.73547
103.001 6.97759
47.3269 7.72639
64.8145 7.60445
90.9223 7.43756
53.255 7.35922
83.4902 7.35566
-3.58515 6.81508
45.1917 7.55884
63.4334 7.81949
71.9072 7.60107
10.8249 7.73967
-6.6554 7.65774
86.4052 7.39014
58.6222 7.4401
87.6216 7.72424
21.8936 7.55813
11.466 7.84859
62.1209 7.83662
41.8932 7.58467
2.03551 7.79681
-13.9626 7.71647
31.0569 7.79201
-39.2726 8.50688
42.6733 7.64524
38.7951 7.70051
-47.8635 8.29041
48.5544 7.79873
55.998 7.87809
36.1914 7.07471
-166.418 6.72452
-15.1315 6.87212
87.7133 6.88159
-108.853 7.12423
8.56703 6.11054
41.1969 7.01883
-140.484 7.43228
-47.2177 6.60679
91.3379 7.45366
-128.603 7.15859
-114.451 6.66181
-2.14049 6.94289
-142.114 6.83347
-73.9021 6.33589
39.8917 6.70435
-163.709 6.8291
-75.2904 6.49631
32.6857 7.05902
-129.583 7.29092
-65.9248 6.66408
89.1931 6.43026
-125.97 6.68657
-61.3966 6.08162
-49.1611 7.03156
-49.0902 6.72026
-70.7048 6.20895
23.0946 6.6519
-81.0424 6.58696
-82.8928 6.55926
5.15059 6.39747
-71.7591 6.62275
-46.0381 6.63819
46.7835 6.90265
-62.8936 6.49337
-36.8924 6.29781
38.692 6.15369
-120.369 6.31545
-91.0322 6.32718
88.0212 6.62255
-105.153 6.24696
-40.8847 6.18028
6.8188 6.37807
-106.834 6.68223
-67.1019 6.5676
48.6099 6.92602
-100.803 6.54873
-37.5324 6.5688
48.8646 7.03345
-97.3665 6.89237
18.185 7.07381
57.7201 6.8231
-90.6057 6.81247
-105.475 6.32302
2.90969 6.40082
-64.1749 6.65569
-10.2848 6.6993
45.7591 7.24201
-76.0904 6.97538
-118.258 6.84377
27.0255 6.78272
10.1211 6.54303
-78.1332 7.02026
46.3385 7.36779
-84.0652 6.79915
-37.5208 6.83477
-120.309 7.11942
-181.801 7.11288
-119.021 6.59364
-85.5431 7.37781
-135.547 6.74044
-180.246 6.77358
-63.5016 7.27397
-172.961 6.55671
-136.188 6.6776
-90.0376 7.13676
-151.288 6.62728
-95.8918 7.04678
-42.5438 6.62407
-193.022 6.81437
-122.218 6.30007
-97.4275 6.99166
-164.806 7.08985
-138.591 6.34899
-101.798 6.8045
-73.1022 6.24299
-87.7391 6.17177
-85.3744 6.57649
-92.2616 6.09621
-94.9651 6.15747
-89.8482 6.53806
-44.754 6.30713
-184.205 6.48454
-59.8077 6.44986
-110.21 6.35941
-186.579 6.21958
-86.0156 6.71237
-41.6565 5.73925
-126.349 6.39172
-178.37 6.82985
-16.1686 6.60324
-151.334 6.28826
-100.181 7.11995
-76.3564 6.3249
-125.539 6.29393
-106.805 6.60537
-111.062 6.21419
-218.749 6.14608
-140.347 7.07263
11.6163 6.43849
-197.28 6.33702
-130.666 6.88321
-49.1441 6.38973
-220.089 6.47845
-157.573 7.38733
-22.3535 6.2931
-160.86 6.67984
-206.396 7.27095
-115.025 6.7015
-174.621 6.70675
-161.562 7.26291
-107.379 6.36411
-178.348 6.4299
-66.5188 7.24399
-97.2583 7.0875
-242.194 6.71177
-120.336 7.33212
-102.391 6.95429
-119.386 6.37319
-176.193 7.40179
-34.0883 7.00863
-146.361 6.91682
248.587 6.77408
-128.349 6.65433
-39.0981 6.23038
216.247 7.31712
-16.0653 7.25492
-30.9904 6.86967
175.462 7.06786
37.4443 6.04216
8.69452 6.04126
122.595 7.27794
22.5733 6.59931
46.8606 6.60619
205.366 6.87306
-77.5067 6.48791
25.866 5.94479
122.965 6.85518
27.7317 6.4548
28.7081 6.60016
57.0145 6.89193
31.2326 6.27716
-14.7338 6.62157
96.1174 7.35828
8.53435 6.55355
31.7035 6.57623
55.1055 6.54673
42.5524 6.29406
-23.8601 5.56054
68.983 7.04393
20.7902 6.25293
-6.12695 5.99753
-16.0312 6.98858
27.6576 6.07579
52.6234 6.02621
21.5433 7.01487
66.2094 6.3201
-20.4662 6.23472
37.1042 6.7557
77.5986 6.44758
64.9365 5.86596
30.0012 7.14624
41.8219 6.3363
-45.3685 6.30815
-61.2859 7.21975
28.0898 5.94132
54.9644 5.61262
-105.272 7.41633
133.65 6.14924
72.7067 5.94019
-85.896 7.38563
87.9705 6.32624
-1.14829 6.1252
-145.426 7.74948
78.094 6.62385
-6.2681 6.41898
-213.508 7.27801
-40.5102 6.13649
85.9177 6.32267
-113.942 7.7257
34.1551 6.68708
-27.7868 5.9104
-213.348 7.23954
13.07 6.68185
11.8051 6.12332
-204.954 7.17493
-30.5558 6.44226
41.2424 6.00862
-18.8212 6.83225
-180.711 6.64463
-26.6096 6.91761
-20.3578 6.68014
-126.391 6.95638
1.53736 6.48739
-89.785 6.4313
-127.076 6.60761
50.6467 6.39852
28.8875 6.65725
-130.733 6.4317
-4.38066 5.84042
-72.6608 6.21228
-138.265 6.32242
-8.76653 5.73837
-91.6329 7.34725
-194.991 6.47931
11.1966 6.40431
-0.428129 6.6807
-145.408 6.40079
-1.55076 6.71109
-69.8324 6.48793
-202.267 6.34906
-5.03768 6.05273
-51.4905 6.7314
-148.166 6.29287
-6.32398 5.83643
-59.378 6.44527
-219.308 6.17307
26.9784 5.88474
-8.07417 6.43428
-181.371 6.09168
52.8655 5.87668
-33.5585 6.60533
-160.706 6.41583
52.6939 5.67755
-51.8535 6.27453
-173.071 6.36837
86.6358 5.75138
40.2613 6.04584
-173.172 6.32104
74.1889 6.09705
22.613 6.28122
-233.226 6.17398
49.6181 6.11504
-49.3869 6.33609
-174.083 6.4298
38.4629 5.92172
-54.2128 6.00613
-143.561 6.41136
55.6092 6.08811
26.678 6.61995
-168.892 6.56102
92.2695 6.56832
17.3723 6.67838
-65.906 6.68999
64.0067 6.46866
82.9415 7.43152
-124.954 6.35298
110.228 6.25162
0.390871 6.66899
-110.423 6.66806
33.6148 6.58742
83.8122 6.90605
-84.1646 6.27697
38.9236 6.60628
6.0487 7.08217
-49.9292 7.17636
55.071 6.54714
61.8725 7.36965
-13.6947 6.74208
157.319 6.50435
40.7326 7.05081
-47.142 6.86563
147.927 6.43193
-21.6115 7.20868
2.90023 6.41041
77.6244 6.6469
19.4998 7.40721
-52.1055 7.02331
123.662 6.61312
-29.064 7.11351
13.6862 6.71874
56.0766 6.19848
-14.793 7.19191
-91.142 6.3088
71.8894 6.11757
10.2568 7.00405
50.4597 6.6944
180.24 6.19327
-1.91145 6.87708
0.607415 6.3079
76.7825 6.44532
7.71212 7.09295
-54.2518 6.95561
110.942 6.39049
-26.5946 6.6407
-6.11295 5.95379
94.8975 6.3537
-19.5937 6.88358
-22.2506 6.52728
27.3837 6.50767
-48.0588 7.01725
-66.19 6.47631
111.554 7.02916
-40.102 6.4241
46.6445 6.73558
76.9494 6.61611
-69.3734 6.47045
-23.6439 6.43947
66.0311 6.5206
-27.3345 6.8724
5.37118 6.33686
113.086 6.76124
-28.7598 6.95473
9.29132 6.80456
145.402 6.77018
-140.063 6.9837
-69.6608 6.64445
136.823 6.47587
-104.84 6.99911
-45.7516 7.08912
183.905 6.59746
-161.187 7.27098
31.75 6.97649
130.437 6.89464
-100.041 7.28859
-55.5635 6.81043
55.4996 6.79776
-113.434 7.44896
-6.22822 6.65054
51.8646 6.6976
-77.1644 7.00184
-229.335 7.59494
-33.8913 7.32973
-81.8404 6.99039
-258.475 7.07501
39.6729 6.6086
-35.1958 7.48148
-205.736 6.94653
44.4101 6.59708
-2.91338 6.68551
-207.542 6.99563
-19.9684 6.56761
20.6731 6.30729
-160.418 7.05982
-25.0305 7.16395
19.1694 6.43354
-179.707 6.96521
0.813113 6.69636
-139.208 6.53545
-158.416 7.08381
22.9337 6.32181
-38.2728 6.49852
-120.443 6.39933
16.8699 7.00307
-15.0299 6.71774
-186.309 6.6796
-6.17908 6.64101
-43.0724 5.99254
-132.365 6.67765
-20.817 6.20571
-26.0529 6.48815
-182.65 6.37615
-25.1772 6.31215
-42.815 6.17981
-114.94 6.57128
-18.96 6.77955
-12.5941 6.52336
-117.134 6.75163
-70.7086 6.00835
-32.7485 6.67922
-67.7874 6.57162
-38.7086 6.06633
48.9784 6.75735
-47.4646 6.79045
-78.8756 6.59575
-15.3239 6.8673
-44.4836 6.20684
-92.1105 6.40443
21.6324 7.18633
8.11982 6.7519
-56.2991 5.93615
5.46117 6.68722
-65.2746 6.77222
-121.486 6.55115
-29.7154 6.86319
13.0056 6.99512
-44.4403 6.25573
-17.3836 7.09572
30.9733 6.90356
-93.4808 6.57947
-18.8952 6.8405
81.4475 6.62356
-88.2831 6.30687
11.3749 7.25403
42.5241 6.86927
-82.7834 6.72398
-65.5072 7.23911
-35.4867 6.75948
-56.6926 6.70066
-7.37568 6.46618
-76.9081 6.9392
-82.1057 7.29882
29.2723 6.76363
-83.3163 6.99477
-65.4012 7.0452
48.8115 6.82989
-30.8571 6.93062
-60.3979 6.81219
29.71 6.50314
-35.6607 6.78403
-92.898 6.49149
8.69606 6.35469
14.9167 7.25792
-30.3567 6.81095
70.3341 6.45409
-12.1473 6.99055
11.025 6.45873
68.2087 6.47856
67.2881 6.6987
-29.4902 6.33865
27.1911 6.20841
-10.2689 6.43674
-8.30249 6.29023
75.1793 6.44736
-32.9545 6.78301
29.7559 6.44885
52.7281 6.50402
-45.3291 6.50779
-53.7235 6.15549
33.7833 6.62499
-88.9702 6.18991
-16.6107 6.62017
108.311 6.67742
-80.9099 7.08061
78.4158 6.1789
38.1478 6.47691
1.32901 7.20616
52.0455 6.21771
53.5312 6.56326
0.13282 6.59532
96.6708 6.23076
32.3073 7.03
-49.3359 6.91593
55.258 5.78369
99.6089 7.17215
6.61047 6.3663
85.276 6.17538
2.18371 7.21031
12.3384 6.53277
20.1113 6.33647
4.11053 6.55719
71.9597 6.76154
20.0214 6.30136
23.2395 6.85486
6.31399 6.70925
42.8377 6.56184
83.1913 6.99617
39.0684 6.83832
-12.8454 6.54993
137.031 7.14397
43.0723 6.89069
-14.512 6.9991
-179.631 6.9569
-107.599 6.5288
-63.4147 6.45998
-154.859 6.7131
-130.13 6.52673
-7.0272 6.04108
-129.602 6.80524
-158.54 6.77236
-13.5248 6.25322
-106.817 7.01813
-57.7142 6.1603
-61.9041 6.12323
-185.239 6.46189
-107.365 6.33368
-35.6374 6.41318
-127.941 6.83575
-119.671 6.16511
4.81284 5.7754
-164.409 7.01373
-88.5967 6.08088
-44.5026 6.37157
-152.817 6.55923
-109.466 6.18554
-59.8005 6.00589
-121.623 6.39403
-166.089 5.86944
-38.1051 5.84966
-149.436 6.41099
-104.712 5.79565
-111.21 6.12013
-203.194 6.47071
-87.5314 5.84018
-29.714 6.17589
-183.446 6.21241
-163.26 6.37728
-89.9516 6.2976
-251.023 6.55634
-118.152 5.96164
-126.475 6.35159
-160.462 6.63946
-165.616 6.14794
-92.5022 6.63609
-217.887 6.47951
-201.438 6.18096
-116.421 6.18135
-222.471 6.72433
-178.484 6.33271
-113.602 6.61758
-219.015 6.69266
-164.099 6.51671
-64.62 6.7292
-190.754 6.81119
-135.381 6.57123
-200.09 6.5742
-212.789 6.73879
-164.131 6.79359
-78.8261 6.74102
-257.225 7.00119
-199.256 6.27659
-147.493 6.52124
-167.648 6.97648
-175.172 6.56021
-132.764 6.45867
-273.484 7.01156
-172.122 6.54711
-182.593 6.79428
19.451 8.35832
-133.67 7.64683
109.566 7.13843
95.1661 8.27534
-127.946 7.64741
204.676 6.87725
94.0088 8.1319
-133.265 7.403
185.749 7.0009
70.7798 7.97768
-120.821 7.32795
185.669 6.8607
42.3733 7.43931
-199.506 6.87872
150.932 6.5804
88.0817 7.46131
-196.948 7.03304
122.665 6.67068
105.426 7.45033
-145.676 7.32362
125.716 6.95447
58.1595 7.01744
-227.483 6.91137
143.337 6.98301
74.4536 7.4776
-243.732 7.35891
173.152 6.86071
106.341 7.11033
-181.1 6.71278
155.475 6.39126
70.9451 7.03763
-150.637 6.95009
115.881 6.98849
114.843 7.09896
-175.421 6.96455
109.372 6.73052
92.4922 7.18732
-135.816 6.88349
61.2102 6.75312
82.3747 6.62293
-185.761 7.0053
92.3384 6.93797
68.2636 6.76255
-162.225 6.7846
75.8969 6.86167
54.2586 7.21433
-196.253 7.07378
124.419 7.01903
99.7737 7.27074
-129.265 7.41496
59.2328 7.03158
63.0033 7.38227
-177.027 7.46211
58.2726 7.11349
-21.6565 7.2748
-146.926 7.15503
85.5992 7.05572
92.9367 7.35932
-205.57 7.5434
29.1683 7.57616
109.91 7.4333
-140.29 7.28349
26.0913 7.41009
8.09416 7.45519
-177.112 7.61414
43.5322 7.71074
78.3335 7.68371
-48.7595 7.60909
-39.4933 7.80447
20.4715 7.64757
-73.3404 7.31355
-53.718 7.59897
19.5676 7.57404
-35.7688 7.51404
-12.3579 7.19281
29.1582 7.54005
-48.9543 7.19355
-9.63006 7.10374
72.1683 7.34827
-88.3119 7.29446
8.32491 7.02624
86.4889 7.24933
-20.5663 7.07718
15.7071 7.2159
99.2829 6.99137
-43.6787 7.06681
32.1254 7.12293
90.5545 7.21462
15.5314 7.06802
48.2247 6.96608
102.14 7.17646
-76.6413 6.81212
42.4904 7.12715
103.884 7.07723
-24.4224 6.88778
60.927 6.77394
84.8203 7.04028
-58.0998 6.81763
101.218 6.68226
76.3347 7.37707
-14.6957 7.00714
56.0772 6.65981
117.652 7.53946
-17.7055 7.12409
83.0248 6.5544
65.2304 7.47551
-14.5437 7.05347
77.1546 6.85701
108.016 7.71574
-51.4183 7.23137
137.616 6.86632
58.3884 7.82978
-48.4933 7.45899
91.0142 6.8587
39.5742 7.79802
22.5166 7.26663
99.498 7.05527
95.9665 7.99534
-36.6068 7.59431
137.459 6.97902
81.8231 8.15462
-31.8577 7.73395
90.909 7.32459
95.1259 8.44391
-61.376 7.71136
94.2017 7.43439
132.16 8.27699
7.55059 7.28741
62.9014 7.63053
120.358 8.49933
-43.7019 7.55631
130.98 7.41667
-37.9194 7.83426
-62.2035 7.79145
-128.531 7.35755
-97.3219 8.00312
-75.3035 7.52519
-75.461 7.32004
-81.235 7.70202
-32.8842 7.91539
-106.58 7.21404
-89.3031 7.52259
-23.2888 7.17154
-52.7202 7.01662
-92.058 7.74248
-47.3264 7.68803
-97.9807 7.45207
-25.9817 7.60825
-58.2978 7.3222
-86.1449 6.95667
-111.372 7.63954
-17.4028 7.31476
-53.6124 6.8879
-58.8589 7.39568
-33.6697 7.52192
-44.0229 6.79545
-49.6715 7.19942
14.5048 7.25841
-74.5319 6.57317
-26.0548 7.52462
73.4061 7.04747
-85.3718 6.59344
-64.8945 7.67676
31.38 7.38137
-84.2394 7.24755
-47.9317 8.17984
-80.9004 7.24609
-129.916 7.3394
-0.588162 7.53122
-37.2283 7.88983
-96.763 6.9656
-27.7104 8.26076
0.210248 7.51266
-118.146 6.50558
2.867 7.56614
3.18503 6.81681
-35.3227 6.99014
8.33166 8.14142
-16.0589 7.44931
-51.1244 6.97159
-3.00876 8.13702
-57.1837 7.29284
-14.0542 6.98709
2.25887 7.65151
-98.5285 7.68151
-144.291 7.17001
-26.261 8.16584
32.6649 8.35697
-52.3088 7.13089
-40.4118 8.17389
0.912318 7.41521
-49.5617 7.4898
-46.6041 8.81801
-27.268 7.39089
-59.8409 7.03964
-1.42763 8.12027
10.2415 7.78456
-27.3012 7.26748
64.3333 8.38805
107.676 7.60601
97.3216 7.49138
67.511 8.34509
142.188 7.36982
116.894 6.95364
119.276 8.54084
145.073 7.57408
73.2592 7.35476
61.3337 8.08288
132.413 7.45906
135.371 6.87433
27.1802 8.02163
131.496 7.71983
89.8023 6.99586
84.8993 7.68022
211.87 6.82725
147.545 7.01597
94.0273 7.88164
173.4 7.18255
139.241 6.70386
43.3306 7.2563
174.155 7.03186
97.303 6.82604
101.123 7.28233
117.67 6.71244
211.766 5.97022
92.7475 7.15515
120.709 6.69044
87.8419 6.2161
131.587 7.33633
176.346 7.17855
107.829 6.48043
118.303 7.20896
221.849 7.24666
149.253 6.29945
97.8467 7.16529
115.747 6.82222
99.1011 6.63614
119.758 6.94869
177.228 7.03232
101.041 6.70843
114.55 6.9263
62.9223 7.28796
125.153 6.93812
102.974 7.10988
158.144 7.53198
104.544 7.08786
95.654 7.52897
146.114 7.33318
37.4389 7.2683
80.4951 7.22455
81.0745 7.35306
99.447 7.03973
53.4498 7.30171
126.651 7.44704
87.2418 6.89911
78.9005 7.42894
94.0818 7.60918
110.294 7.22141
99.2333 7.63348
15.0295 7.74385
62.9988 7.50631
101.997 7.81694
57.643 7.70325
96.9614 7.698
123.104 9.14217
249.044 8.29386
99.9441 7.46032
108.88 9.06702
300.339 8.40125
74.7587 7.58246
134.71 8.55998
245.842 8.01448
67.8123 7.27162
29.667 8.91738
275.063 8.22498
138.772 7.64045
40.9366 8.59844
157.98 7.65551
108.504 7.26154
86.8127 8.46914
171.428 8.16212
156.848 6.8685
93.1665 8.18036
186.447 7.94283
130.214 7.11377
100.209 8.42203
244.471 7.84152
206.851 7.36113
109.718 8.19658
149.582 7.67583
205.562 7.06557
132.06 7.94932
135.706 7.73631
241.32 6.91858
65.7844 8.01444
145.845 7.76829
232.492 6.74409
112.146 8.08154
47.4911 7.92898
247.699 6.72272
137.909 7.56676
56.7175 7.51934
254.929 7.31396
48.7612 7.86938
17.7894 8.19662
203.869 7.46248
113.453 8.07476
32.6986 8.21299
216.922 7.09184
96.3869 7.84194
20.7086 8.40552
290.376 7.11318
177.455 7.91302
44.6612 8.04009
205.464 7.47287
98.5748 7.72187
43.3512 8.26991
219.766 7.28991
132.741 8.1639
-12.5583 8.1401
254.947 7.70826
110.922 8.38233
11.4717 8.33755
245.386 7.50026
119.023 8.23682
-62.1308 8.61234
222.3 7.55816
87.8054 8.24207
-64.2309 8.71402
231.765 7.71395
15.5352 7.90122
-70.77 8.25754
-5.96829 8.24827
7.76972 7.78178
-51.7514 7.57284
-7.87297 8.27543
-51.8423 7.62068
-21.5001 7.81076
0.903834 8.14732
83.6241 7.65751
-11.8259 7.73981
-3.06321 7.87596
9.75069 7.19186
-74.6418 7.95345
5.31081 7.57846
73.1178 7.50525
1.58744 7.34899
-4.79981 7.53641
41.4702 7.28679
49.2131 7.52301
-39.4055 7.39308
79.4759 7.55713
43.3525 7.40712
36.1979 7.31241
134.157 7.33545
50.1188 6.96677
20.1328 7.04673
131.746 7.31669
38.5844 7.32497
109.143 7.00676
94.9223 7.58221
10.0105 7.05082
24.3617 6.95569
88.012 7.53255
20.6637 7.18956
14.4391 7.01625
98.117 7.65568
80.2806 7.35677
-28.2974 7.02954
66.5235 7.61235
20.1929 7.4821
75.4306 7.1695
71.8307 7.91996
54.6239 7.35819
32.8238 7.22653
126.477 7.96328
79.7375 8.14223
-24.3695 7.17117
125.154 7.89543
20.3544 7.71039
104.221 7.22718
88.4905 8.05957
34.4813 7.48032
126.252 7.16936
110.04 8.01745
27.4229 8.01051
52.5176 7.03692
83.7011 8.10203
103.688 7.55955
13.2275 7.24806
91.2236 8.40535
57.4043 7.81311
48.3557 7.63561
39.1156 8.39339
84.5045 7.83661
34.7092 7.71501
36.0704 7.90129
108.771 7.37722
-112.539 7.76847
-19.3618 8.05103
167.573 7.54108
-51.5515 7.63575
-28.5014 7.90142
86.1505 7.48489
-9.97591 7.42479
87.6584 7.83018
115.634 7.34945
-10.3124 7.74096
31.0039 7.80983
97.731 7.10193
-42.8741 7.17803
17.2746 7.69819
107.009 7.09451
-45.1434 7.45108
77.9492 7.61904
112.853 7.22721
20.8975 7.31148
44.7871 7.63404
108.903 7.15816
-9.57038 7.28251
-23.6103 7.67986
121.332 6.61474
41.9367 7.02845
-31.3903 7.42147
113.086 7.19844
25.0667 6.99864
9.46668 7.43461
72.483 6.83792
12.8095 7.0229
49.2572 7.35858
7.84315 7.32599
33.9198 7.03192
48.9014 7.91543
4.30907 6.30884
-48.1761 6.94869
134.287 7.73101
15.1465 7.22048
10.93 7.15829
89.6825 7.9162
42.8786 7.2046
19.5129 6.91608
87.7707 8.11388
-24.7762 7.53973
13.8701 7.12184
111.722 8.17591
-63.5734 7.68564
42.7629 6.93234
121.734 8.44089
-82.0599 7.70672
12.7429 7.50655
62.3348 8.58015
-56.2184 7.69396
8.1349 6.98005
52.7768 8.21282
-55.2019 7.65923
-16.3545 7.32533
173.39 8.55365
-123.193 7.4257
-31.3341 7.43572
196.952 8.5458
-104.335 8.0787
-45.9743 7.6206
-55.2598 7.94839
64.0592 7.6028
-10.2754 6.95493
-17.4471 8.06552
71.6166 7.65307
-31.8053 7.41992
-66.0138 8.06719
68.4592 7.36811
-7.70902 6.82074
-128.221 8.2013
88.408 7.45671
-74.8767 7.00755
-33.1475 7.98556
85.5194 7.14975
-118.461 6.83901
-102.682 7.78799
128.442 7.65881
-92.127 6.98024
-90.1137 7.66479
57.8914 7.22597
-42.854 6.93481
-116.773 7.25173
44.6008 7.0996
-179.35 6.89517
-92.1153 7.41195
-24.6665 7.1631
-140.554 6.638
-97.1986 7.70956
9.95057 7.06648
-20.294 6.69078
-62.8909 7.21367
20.4535 6.52604
-81.1924 6.7389
-134.89 7.51503
-60.5565 7.0481
-111.363 7.16643
-178.731 7.45489
-8.46942 7.02859
-81.4375 7.09563
-212.244 7.19349
-34.6975 7.02748
-108.654 6.69217
-132.961 7.39408
-46.6822 7.38091
-119.375 6.92958
-128.87 7.57556
-110.498 7.31359
-159.464 7.44563
-84.0409 7.64878
-42.9216 7.17319
-101.232 7.53655
-93.0631 7.36747
-35.6312 7.47145
-70.0511 7.13787
-157.191 7.69291
-25.957 7.72214
-124.148 7.41209
-176.392 7.63598
-133.729 7.81802
-41.4587 7.78322
-203.068 7.9817
-106.449 7.78458
-170.507 7.41437
-231.081 7.56003
-101.701 7.73579
-116.886 7.47004
42.8013 8.38449
256.268 8.22765
219.406 7.46138
-37.2151 8.04263
266.762 8.04905
186.485 7.44785
24.3532 8.19499
216.132 7.76423
169.047 7.26848
-12.4415 8.18642
287.081 7.90135
203.519 7.54272
7.93493 7.87257
150.61 7.71713
201.093 7.06918
-41.8342 8.016
220.828 7.48177
175.503 7.2447
-82.0227 8.21303
189.849 7.76449
191.379 7.69366
-100.826 8.07276
137.741 7.7616
235.128 7.10262
16.235 7.99689
95.2406 7.67376
220.363 6.94909
2.03943 7.35048
111.004 7.75508
183.225 6.99972
-75.516 8.62316
29.5734 7.75625
218.292 7.20572
-21.7549 7.55258
107.524 7.53604
162.471 6.85772
-4.41778 7.98475
86.5797 7.7541
238.713 7.19414
-33.195 8.08541
50.5382 7.70841
243.282 6.9479
-2.94094 7.53026
-18.4938 7.77051
184.256 7.29922
51.9986 8.09937
-5.89713 7.97404
177.202 7.78738
-4.78701 7.726
-25.7468 8.5035
205.5 7.73812
-12.9299 8.243
5.52223 8.0105
157.908 7.475
-31.4793 7.46469
-98.8532 8.68935
154.373 7.44478
9.49574 7.88795
-32.528 8.38686
199.391 7.74683
-10.5907 8.04666
-16.2072 8.44075
217.757 7.78906
-45.5109 8.21139
-72.0599 8.28015
113.955 7.897
-21.5634 7.41087
-38.7245 7.86844
71.8612 7.45482
33.2211 7.43125
-73.3113 8.30883
114.397 7.34369
19.3961 7.21842
-0.571197 8.1383
97.5318 7.81822
40.4788 6.99724
-2.04442 7.48187
93.7906 7.3722
36.505 7.49708
-16.4069 7.58492
37.3139 7.34602
36.125 6.92461
-26.6342 7.22467
101.44 7.05082
19.105 7.09282
17.0563 7.25107
117.356 7.06117
28.621 7.80762
49.1189 7.23199
156.06 7.19843
-1.04684 7.19674
45.9884 7.23718
49.0418 7.20203
39.8108 7.23258
65.658 7.44889
75.6654 6.81466
58.6418 7.36631
54.0464 6.86946
109.309 7.05665
126.438 7.27379
74.5125 6.83598
40.8505 6.71938
60.0528 7.60352
102.28 7.02577
101.346 6.77608
9.79056 7.29497
68.1651 7.19688
78.2413 7.25501
34.2448 7.38677
100.571 7.26777
82.2774 7.09547
109.676 7.48288
132.062 7.17471
33.4033 7.30402
77.4151 7.47786
86.8202 7.30032
158.145 7.25952
59.6131 8.18033
125.099 7.40846
174.486 7.30125
-5.38143 7.79255
72.2487 7.32184
101.113 7.1643
29.9735 7.96759
87.3606 7.40658
114.048 7.20225
7.59489 7.71339
87.6137 7.47887
109.889 7.44869
36.91 8.00886
79.5504 7.72913
80.6881 7.56487
-58.4161 7.91999
-94.5697 7.96762
-63.7335 8.10341
-53.0678 7.78388
-54.8046 7.9102
-65.184 7.59288
-25.788 7.37536
-128.967 7.70271
-18.6197 8.3049
-76.1696 7.46885
-170.757 7.70563
0.608479 7.26378
-60.2141 7.39774
-56.6866 7.33413
-39.3007 7.47417
-75.3794 7.1829
-83.4269 7.77186
16.7763 7.24617
-53.1902 7.00916
-87.5223 7.37981
19.4822 8.12607
-33.9579 7.27777
-35.6044 7.51229
2.77227 6.92571
-59.5124 7.35739
-92.6781 7.36782
35.0912 7.01078
-70.9783 7.40443
-44.067 7.32027
14.6197 7.39634
-36.6044 7.35409
-10.0183 7.93535
-9.57952 7.05308
-10.7685 7.39574
-2.10204 7.07652
-10.3602 7.02629
-38.8476 7.14087
-22.0369 7.31532
24.4682 6.6331
-11.1547 7.7439
-83.3859 7.48336
42.6081 6.88404
-67.4953 7.85851
-69.6958 7.69392
47.9269 7.2254
-94.8739 7.87729
20.6385 7.60564
21.2873 7.37392
-40.3743 7.60728
29.5702 7.79676
65.7106 7.50777
-69.7008 7.77157
4.13668 6.92401
-5.34621 7.01318
14.8526 7.87791
10.4453 8.24257
14.7039 7.83425
-63.1683 7.99766
0.295606 7.4263
-98.6384 7.51529
-62.238 8.26725
-105.196 7.86483
5.27544 7.06396
-40.7914 8.13352
12.0244 7.8288
-33.0311 7.72146
-44.2519 8.0754
99.5146 7.48049
-148.039 7.23785
-78.3283 7.77709
71.4874 7.35266
-49.0525 7.10727
-71.1162 7.89026
100.982 7.32665
-128.025 7.29651
-13.5538 7.90134
79.4305 7.49064
-127.498 7.54825
20.9043 7.62968
58.2305 7.19292
-64.5345 7.40623
-75.1562 7.46853
32.5867 7.44313
-139.165 7.00738
-69.2607 7.51169
43.0819 7.29927
-120.92 6.6516
-73.3761 7.45315
-10.7671 7.0575
-106.295 7.00434
-64.9248 7.672
61.6806 7.31056
-142.658 6.92466
-91.2977 7.45643
14.8505 7.11241
-161.894 6.758
-36.4714 7.47674
17.8 6.91618
-140.434 6.62136
-119.863 7.13554
-50.1876 7.01619
-108.04 6.57678
-98.9948 7.31702
-1.58026 7.05116
-157.957 7.21867
-102.88 7.40023
-2.13184 7.38008
-157.849 7.41622
-115.312 7.17417
-78.6698 7.94918
-148.046 6.94475
-130.389 7.13262
-9.1518 7.24512
-30.2995 7.10147
-105.824 7.54459
-88.8716 7.56691
-104.746 7.05573
-205.32 7.25847
-80.423 7.47792
-109.027 6.99643
-123.912 7.53082
-135.748 7.50607
-137.233 7.32182
-107.036 7.47055
-78.1929 7.55374
-206.558 7.16051
-210.891 7.21115
-91.5004 7.82986
-97.7093 7.38153
-135.934 7.41826
-107.723 7.41754
-131.369 7.34403
