622.785 67.2252 50.4524
602.264 91.6948 40.7909
578.962 94.9437 39.2668
543.068 83.3142 31.7007
511.653 99.1664 29.5886
659.245 137.473 30.409
633.555 107.122 36.0138
629.596 110.369 33.1045
570.397 101.93 32.245
621.521 102.476 47.9821
542.329 87.1886 28.2728
560.2 89.1671 37.5432
580.289 107.76 47.3362
508.622 94.2334 34.4179
635.721 93.6325 42.6156
511.714 85.0114 33.8793
618.014 111.654 28.5008
741.014 118.635 43.7875
593.183 100.728 37.8683
525.55 73.1573 36.0271
586.916 83.8461 44.0213
765.953 123.544 43.1796
618.931 80.7047 39.1072
660.646 89.0629 46.6775
628.151 115.118 51.03
576.684 105.506 28.03
560.268 79.1616 41.3483
602.254 109.174 34.6063
494.259 69.8414 34.0743
604.75 133.835 24.3016
590.783 104.319 34.1456
544.27 100.025 37.2216
513.072 74.086 34.1354
474.175 88.0143 29.5173
571.962 72.6614 49.0467
594.302 115.578 26.5708
487.478 67.5337 35.0326
490.448 65.2899 32.4553
508.492 88.588 21.1859
524.531 92.9895 32.9034
506.607 92.8616 25.227
444.819 58.9499 39.8123
531.443 87.1399 32.5588
531.93 89.0133 33.4831
685.875 208.491 57.7597
710.384 200.645 55.6726
693.07 232.756 47.1515
631.765 204.481 31.266
832.741 286.918 53.2407
732.663 236.889 50.6949
661.67 209.35 44.8661
723.6 225.29 54.3121
803.865 272.141 64.8803
641.941 188.756 45.48
690.879 235.003 39.3287
629.432 214.758 29.4929
765.3 260.995 41.7624
604.593 196.901 36.038
759.8 268.631 28.9533
588 159.054 43.6365
795.591 285.278 33.3944
653.392 200.062 41.4489
605.725 180.016 43.0962
573.988 162.038 49.6176
586.289 178.095 35.2994
480.578 658.291 12.2198
463.328 189.19 15.3807
345.451 134.681 23.3565
305.58 100.569 23.4223
245.614 97.0094 21.9825
345.718 138.047 26.4697
281.491 104.182 24.9642
340.588 115.316 27.8356
467.853 168.65 32.3184
359.105 115.461 29.0365
310.544 108.365 28.8562
374.284 124.118 25.0647
275.6 106.054 29.6391
315.086 124.501 24.9026
269.844 97.2007 25.2269
296.59 103.437 31.3678
303.924 110.817 25.6124
267.298 93.064 29.9547
269.943 98.4997 22.9074
249.807 93.6117 24.3451
309.156 114.707 24.9159
292.728 113.45 28.9679
331.933 139.832 12.6406
758.526 132.719 68.4008
600.378 92.4169 42.9355
681.673 115.265 43.2573
653.074 101.369 50.802
654.027 123.027 53.2746
540.923 99.7518 46.9424
659.623 113.737 31.2258
614.787 90.845 52.575
658.244 118.991 49.8387
678.839 108.085 60.7151
680.592 107.182 66.4363
542.545 76.6591 45.8199
601.71 107.036 62.4511
614.338 95.4679 63.887
660.317 143.928 37.1261
710.131 83.8811 73.7392
649.977 114.376 60.9832
642.263 118.232 41.4752
796.001 156.322 57.0048
809.485 115.081 59.1641
614.401 105.812 45.239
741.627 93.731 75.8797
185.039 52.5387 17.6345
191.987 52.6663 19.9225
204.397 52.7587 19.5344
157.42 38.1081 23.9098
196.164 52.2967 17.1095
164.963 48.0515 15.7455
152.811 43.0001 17.7967
168.22 51.9146 12.9778
166.49 41.317 14.8341
182.369 54.584 23.2894
183.62 52.4742 18.7381
196.519 53.8977 20.8656
204.536 56.099 23.2737
234.514 63.6696 30.2649
231.381 56.6348 16.8763
179.873 48.484 26.1023
182.41 49.723 21.4683
219.798 67.3241 13.9914
182.085 57.2105 15.7764
188.045 69.0857 11.095
195.5 49.3046 24.5378
176.35 53.5839 17.7165
677.49 174.296 48.2999
658.724 184.955 41.514
698.864 230.361 37.193
665.815 186.339 56.7512
667.422 212.024 42.1023
691.745 227.643 37.5908
640.186 199.279 42.8852
731.015 221.204 50.1729
569.99 175.994 39.0053
773.941 300.881 37.0563
705.924 238.213 38.2708
645.825 208.559 43.8128
708.724 215.207 43.1121
745.614 240.481 45.2583
623.624 191.675 42.2449
626.213 199.183 29.9381
746.437 266.235 35.5304
533.425 186.026 23.6895
790.146 254.088 46.6984
737.053 237.153 45.3864
654.413 239.903 9.08261
675.879 162.985 62.639
324.336 117.21 34.2996
270.436 119.204 6.47486
252.827 83.8173 34.7855
169.94 70.9222 15.3156
152.427 65.906 15.5612
199.672 87.8731 12.6713
151.563 68.4787 15.9091
157.419 71.0883 12.0259
159.74 74.5121 19.7958
155.079 62.9003 15.1409
157.992 76.7481 10.0043
176.726 81.9418 17.6129
205.682 99.216 15.7861
133.57 71.3325 10.5105
206.508 97.7256 16.1229
119.1 60.9222 10.5836
161.076 60.853 25.1352
128.29 51.3968 12.9864
193.577 99.6158 8.89824
168.742 75.3681 18.3064
156.599 103.576 3.28956
213.992 84.3272 0.583532
802.512 135.532 72.8274
664.631 130.992 65.204
808.145 160.425 63.4471
825.854 151.728 62.9676
767.35 114.663 71.8104
808.489 156.158 58.2428
649.445 103.357 45.3261
763.951 121.126 56.3767
737.588 126.553 47.3855
823.959 139.241 50.0782
688.94 122.789 53.2933
743.104 139.532 41.8401
718.893 162.739 37.5646
819.071 187.122 57.5457
735.311 114.895 60.0981
799.127 141.808 57.5021
716.557 136.939 65.3532
705.254 125.724 37.9469
901.645 155.71 50.403
808.611 131.781 80.1764
659.626 130.19 61.7855
655.131 118.235 48.2762
224.608 127.397 2.89121
199.525 59.2889 24.7124
191.966 99.733 1.15792
193.176 56.7011 15.3061
246.404 119.982 2.73226
183.005 41.4968 21.5901
204.217 77.3317 11.2497
233.969 75.6956 21.4186
183.378 60.1398 32.3815
205.522 74.4373 18.8719
205.772 56.6277 31.6832
197.49 82.1054 2.36814
180.246 67.9542 19.186
221.391 61.4344 19.5174
231.351 71.4872 14.6743
204.169 57.9031 22.3182
209.12 50.5316 26.3182
204.782 53.9935 23.2526
197.63 65.4578 18.023
190.333 48.7569 20.831
219.84 64.9486 26.0571
230.918 63.0457 33.4936
628.555 140.579 55.7739
628.423 196.275 30.5226
638.024 205.135 37.4204
631.262 218.027 33.0568
664.371 243.585 42.8422
617.875 218.018 54.0626
640.502 230.035 33.3664
672.659 233.11 57.0742
666.784 203.624 52.6575
785.536 264.77 51.0596
694.565 240.419 36.1715
798.556 264.302 57.0542
637.942 185.107 56.2221
857.421 312.271 48.6536
551.472 172.757 38.6375
702.008 232.343 62.7218
626.674 216.815 35.1631
697.97 274.155 14.1615
724.814 233.94 49.7537
815.381 255.996 52.8908
656.148 152.014 58.2045
652.939 146.166 67.5679
314.256 113.958 29.5494
253.668 75.7583 18.6179
176.837 66.3058 19.4463
184.167 90.5072 18.3274
187.001 70.4798 25.2976
153.057 68.7943 10.4002
174.037 61.1457 19.5695
247.255 91.6156 23.0729
327.089 119.129 27.409
308.33 124.674 18.2383
173.97 83.8792 16.5029
197.766 122.963 7.11594
189.375 72.6992 23.7507
196.632 98.7328 17.9332
213.115 89.531 17.2223
170.808 88.3421 21.7013
121.751 48.8455 11.9712
166.629 70.6114 21.6632
157.488 59.6873 15.2684
188.581 80.3163 23.4712
197.883 114.528 10.2207
181.983 66.1076 16.9599
900.857 102.591 74.3425
749.227 102.542 68.957
996.626 154.526 79.3618
890.56 150.66 53.3418
836.737 145.929 61.0971
795.462 106.201 60.471
788.6 112.799 70.1734
634.922 142.165 47.3849
675.13 127.083 55.4347
762.833 114.403 63.1368
760.952 110.781 56.4858
775.95 151.842 48.4832
810.248 97.9955 72.5711
674.274 108.987 59.3181
834.559 155.444 36.6504
813.676 97.6538 70.0562
831.349 121.084 57.3845
731.161 90.2413 72.9423
864.975 122.092 68.2542
729.294 87.0629 67.9829
742.538 159.358 50.9805
787.906 100.244 75.8523
241.272 56.4519 35.2423
220.711 53.3399 33.7803
240.278 69.7126 15.1008
216.707 55.2075 22.1103
193.822 44.7031 23.4988
245.7 61.8758 23.6324
198.574 55.2936 22.2979
210.197 58.2182 18.2049
211.982 46.192 31.6742
207.871 42.7284 23.7085
191.733 47.5532 19.3806
177.085 49.7066 22.7319
185.591 46.2834 25.3015
198.538 59.4114 24.4321
212.938 63.2367 15.0301
200.661 48.0011 19.6495
224.686 53.6644 28.3897
175.203 45.4611 22.0379
173.233 43.7633 23.169
194.146 46.8924 24.2946
180.073 31.0924 30.836
226.198 45.1479 24.2956
637.873 151.908 36.1754
629.007 166.832 41.467
625.209 199.273 38.8728
636.903 199.793 31.2545
591.785 183.063 33.9942
642.13 240.352 28.005
577.965 201.46 36.3476
573.168 177.434 45.1667
629.743 208.237 33.5125
670.248 227.565 42.8953
642.401 215.987 39.4451
734.738 290.956 41.8237
654.822 213.432 48.5535
708.102 219.15 47.1639
723.589 232.377 37.1801
799.437 254.849 50.1101
701.644 228.885 45.1982
549.092 185.647 35.8918
622.734 203.903 37.9189
693.408 217.705 40.2194
696.693 199.732 45.2867
669.037 239.546 6.43186
201.292 96.5177 16.6038
161.979 55.9449 10.999
194.974 89.5635 18.3102
138.214 59.541 14.175
135.179 64.8541 13.2392
256.841 96.4885 21.5312
134.935 66.6704 12.6814
142.328 73.5675 12.6363
119.023 62.3336 10.606
153.997 70.3334 19.4515
200.577 88.3203 16.8755
168.099 88.1143 10.479
126.344 63.8392 10.9416
158.852 72.0929 18.9731
148.515 74.1961 15.1739
167.982 68.2526 18.8201
125.783 59.5937 16.6789
252.443 99.1497 22.2536
127.059 59.6751 8.98322
126.237 63.1274 9.60338
142.676 67.7255 9.44045
177.539 80.6258 17.6219
635.759 97.9792 62.3493
648.914 113.781 59.5541
647.409 131.17 52.7672
623.388 89.7893 62.1591
713.411 128.11 53.8785
667.285 129.138 39.8982
666.918 109.383 49.3087
655.123 105.494 41.0345
559.312 84.5199 47.7268
687.552 128.547 53.9106
727.057 116.673 48.8853
641 106.048 46.3809
511.52 66.561 48.7549
639.083 116.804 52.8227
692.201 147.266 45.2692
673.128 132.835 54.9878
757.55 135.739 52.4802
763.112 112.514 56.7636
788.686 151.492 49.1059
739.139 89.604 93.1945
794.272 143.318 55.4238
807.229 109.453 65.9505
192.431 41.7054 26.9754
181.26 35.0256 21.5448
170.921 46.9501 17.7376
181.374 47.3202 19.8128
227.053 46.2066 23.9864
203.847 53.3073 17.5839
174.459 41.6628 22.0425
225.246 46.0648 30.7595
187.475 43.4141 16.4311
162.694 42.2786 16.4944
150.086 31.0895 20.3966
199.319 54.8588 20.0939
188.262 42.8799 30.5412
187.045 51.4604 16.8346
189.115 42.6965 23.4752
178.99 63.9563 14.4651
180.617 43.6998 15.9683
202.933 55.3765 20.2958
220.548 54.2255 22.0689
220.091 75.1513 18.7451
173.183 43.9945 12.7442
193.361 37.4935 23.1936
829.461 264.973 76.7158
764.708 233.442 61.6523
795.459 237.903 55.0451
843.003 277.53 58.0492
832.22 273.061 58.9423
826.404 264.935 68.7071
837.264 311.394 38.1468
761.508 277.129 45.9391
735.411 233.497 68.6892
757.843 266.969 51.2289
947.15 338.885 40.8126
758.277 252.967 48.2071
835.085 319.808 62.8385
806.376 333.267 57.9711
817.019 323.031 32.0874
727.608 255.547 44.2719
809.897 284.875 59.8073
775.727 276.974 48.5462
759.612 255.109 73.0948
849.872 266.808 50.2744
837.276 210.651 66.563
884.972 208.601 91.4736
162.22 68.7777 19.7952
266.809 124.891 10.6629
222.454 93.2079 16.9233
279.961 124.336 16.0107
189.276 80.5889 17.6393
191.377 80.7424 21.9078
159.76 72.8148 15.4965
239.973 110.944 33.5981
188.652 87.3491 18.1281
258.817 126.362 19.4064
175.656 83.5516 15.2008
190.952 84.0864 20.7418
271.532 134.97 17.4286
310.28 130.354 29.4575
196.154 78.0499 25.7576
213.587 101.788 26.2299
182.272 82.0325 21.6228
305.694 107.317 35.0193
282.919 112.803 23.3724
202.41 114.768 15.4955
194.712 89.7362 17.85
229.306 128.551 3.11482
742.798 93.6532 66.368
863.875 145.703 71.1921
812.198 115.227 56.1938
696.071 81.762 56.9369
841.191 150.493 70.9339
782.341 121.802 49.7517
734.19 84.08 64.1876
733.752 120.686 70.6772
714.905 99.5632 71.7902
719.564 100.747 66.972
713.069 111.738 58.8645
730.632 172.965 49.1794
746.655 137.25 38.8577
764.65 175.292 46.7398
740.816 159.183 68.3578
871.757 156.159 54.8341
768.973 120.113 71.2056
864.657 162.124 52.2728
867.491 165.339 68.8932
813.035 134.975 66.3057
783.598 133.694 66.6418
774.317 92.2376 87.6052
167.138 45.8347 25.2868
152.261 47.1881 12.4279
171.039 45.1652 18.5013
145.657 40.6336 12.2033
169.879 59.5223 24.4155
142.173 38.6677 19.376
167.137 48.5842 17.1065
157.755 38.2949 23.7179
197.248 56.1856 16.143
132.007 44.4317 11.8663
150.339 47.0341 13.9772
151.309 40.4436 18.8047
185.078 46.632 16.3597
146.27 52.3664 12.7378
172.381 44.5477 23.2325
163.718 55.7327 11.6633
223.534 66.4621 16.2112
172.889 55.7737 17.0222
170.656 59.3218 16.7429
180.053 52.1143 16.02
181.955 41.9865 27.2685
171.242 47.8786 21.7978
803.985 815.198 89.9896
301.658 36.0666 36.0667
184.285 22.0333 22.0333
221.943 22.104768 22.0667809
369.53 110.461 41.4125
403.261 100.988801 535.148
912.838 560.329 1040.6
644.724 572.471 413.056
409.376 1.0802 601.157
598.59 163.753 141.739
621.647 216.998 32.3294
740.946 236.489 48.1237
663.666 199.803 56.6552
746.012 335.968 7.98076
591.84 167.093 37.815
769.876 204.807 60.5432
609.473 269.766 41.1091
572.065 241.585 49.5436
647.086 330.108 12.1435
688.093 234.094 40.1822
713.534 190.302 45.8387
845.019 274.415 57.233
113.345 130.267 5.39187
80.5808 15.1367 8.61711
129.341 30.9492 15.9968
257.074 194.022 1125.86
198.899 63.1135 23.6013
157.373 15.578 22.6824
258.279 106.4 1.63743
331.948 189.219 166.914
176.961 8.59932 452.757
315.698 90.8496 132.51
232.056 64.2075 41.7821
207.361 79.2425 28.3664
170.71 42.1064 18.6944
180.014 54.2038 14.9104
210.654 69.2953 29.0798
247.87 73.921 23.4663
206.797 47.3758 27.7196
257.272 65.5642 31.6909
223.35 73.2959 28.4495
227.761 67.4188 16.7256
218.545 65.8501 27.8762
258.248 92.8029 26.8017
927.001 151.5 66.9599
828.016 154.486 74.2951
938.808 201.824 65.9724
837.126 160.812 53.9407
913.791 92.6225 91.8704
842.3 153.096 65.0862
838.707 170.754 62.0563
839.825 127.537 75.9752
883.747 177.939 58.6114
920.042 198.989 53.1784
941.891 158.687 84.4079
859.514 175.239 48.964
776.696 145.139 69.6786
776.547 160.875 71.6498
773.391 119.324 64.8358
883.198 155.265 78.507
870.462 136.509 57.025
854.513 180.895 66.7314
864.152 145.394 78.3421
758.716 115.826 58.8758
955.471 127.293 76.8076
767.652 152.831 58.7075
371.109 67.9916 45.8979
390.358 68.847 37.6695
491.436 117.765 54.9584
408.858 77.7171 48.5986
361.808 72.0607 42.5034
423.307 85.7984 43.2194
377.606 63.6476 49.7239
421.566 83.2406 39.9738
436.818 91.3567 47.6123
391.678 98.5929 37.2414
451.844 91.9461 43.8865
383.335 84.0401 53.2093
403.699 96.0499 38.1069
441.719 99.9501 42.7296
343.827 75.1729 41.9909
331.968 53.8805 40.2225
370.388 74.3952 36.2169
337.208 59.5664 30.9666
319.019 57.752 35.5176
351.806 67.5101 36.6491
385.639 99.3499 26.8361
297.278 63.1799 30.4788
340.4 379.643 6385.32
462.524 55.3 55.3
908.356 512.589 365.063
747.899 266.731 738.31
628.826 75.1833 75.1833
807.194 273.447 5295.63
465.953 475.338 1006.57
619.452 450.416 281.633
640.273 23.3027 765.038
567.079 216.195 231.308
684.649 162.818 55.4999
659.465 136.865 71.2326
653.538 139.969 61.7308
664.185 141.042 46.4291
734.535 146.47 53.4235
743.76 157.042 51.6909
685.515 128.843 58.3496
692.269 150.745 45.9155
747.088 165.558 47.8429
724.91 112.059 77.5778
711.052 165.855 26.7597
760.862 153.133 63.6005
404.19 317.692 2239.67
1092.75 193.164 117.202
516.651 171.91 68.7801
882.637 703.679 1755.78
461.966 55.2333 55.2333
979.184 28.5121 627.371
693.462 482.839 527.387
714.27 524.309 289.658
726.984 6.08617 457.493
764.622 0.652968 380.355
764.971 145.227 58.8095
700.546 189.89 55.4746
679.224 126.343 62.1265
685.965 129.314 59.7329
669.56 161.909 53.1425
891.458 168.187 30.8146
523.86 99.8757 47.9071
886.307 151.753 62.9565
860.293 153.923 71.27
621.509 92.5953 55.7677
705.295 138.233 49.7062
866.653 178.331 73.2053
