0 0 0 622.785 67.2252 50.4524
0 0 1 602.264 91.6948 40.7909
0 0 2 578.962 94.9437 39.2668
0 0 3 543.068 83.3142 31.7007
0 0 4 511.653 99.1664 29.5886
0 0 5 659.245 137.473 30.409
0 0 6 633.555 107.122 36.0138
0 0 7 629.596 110.369 33.1045
0 0 8 570.397 101.93 32.245
0 0 9 621.521 102.476 47.9821
0 0 10 542.329 87.1886 28.2728
0 0 11 560.2 89.1671 37.5432
0 0 12 580.289 107.76 47.3362
0 0 13 508.622 94.2334 34.4179
0 0 14 635.721 93.6325 42.6156
0 0 15 511.714 85.0114 33.8793
0 0 16 618.014 111.654 28.5008
0 0 17 741.014 118.635 43.7875
0 0 18 593.183 100.728 37.8683
0 0 19 525.55 73.1573 36.0271
0 0 20 586.916 83.8461 44.0213
0 0 21 765.953 123.544 43.1796
0 1 0 618.931 80.7047 39.1072
0 1 1 660.646 89.0629 46.6775
0 1 2 628.151 115.118 51.03
0 1 3 576.684 105.506 28.03
0 1 4 560.268 79.1616 41.3483
0 1 5 602.254 109.174 34.6063
0 1 6 494.259 69.8414 34.0743
0 1 7 604.75 133.835 24.3016
0 1 8 590.783 104.319 34.1456
0 1 9 544.27 100.025 37.2216
0 1 10 513.072 74.086 34.1354
0 1 11 474.175 88.0143 29.5173
0 1 12 571.962 72.6614 49.0467
0 1 13 594.302 115.578 26.5708
0 1 14 487.478 67.5337 35.0326
0 1 15 490.448 65.2899 32.4553
0 1 16 508.492 88.588 21.1859
0 1 17 524.531 92.9895 32.9034
0 1 18 506.607 92.8616 25.227
0 1 19 444.819 58.9499 39.8123
0 1 20 531.443 87.1399 32.5588
0 1 21 531.93 89.0133 33.4831
0 2 0 611.783 50.3402 41.7644
0 2 1 629.811 76.0276 31.7236
0 2 2 590.312 71.8822 44.1556
0 2 3 546.02 64.0869 34.6724
0 2 4 536.049 78.988 29.1274
0 2 5 625.294 85.095 29.6491
0 2 6 551.941 63.7572 29.5903
0 2 7 601.01 82.3723 36.3441
0 2 8 564.747 70.3994 34.0225
0 2 9 584.425 80.5333 35.5069
0 2 10 514.312 52.3092 33.5996
0 2 11 508.308 68.1568 27.0414
0 2 12 571.826 68.2635 39.5659
0 2 13 530.753 70.7785 34.018
0 2 14 544.613 58.3441 38.5621
0 2 15 489.054 58.4273 27.7836
0 2 16 548.625 77.5032 22.7813
0 2 17 612.2 70.8341 38.3371
0 2 18 536.077 70.989 32.1858
0 2 19 475.657 45.4684 34.5937
0 2 20 549.215 60.5533 33.1385
0 2 21 630.894 85.4472 36.9333
1 0 0 685.875 208.491 57.7597
1 0 1 710.384 200.645 55.6726
1 0 2 693.07 232.756 47.1515
1 0 3 631.765 204.481 31.266
1 0 4 832.741 286.918 53.2407
1 0 5 732.663 236.889 50.6949
1 0 6 661.67 209.35 44.8661
1 0 7 723.6 225.29 54.3121
1 0 8 803.865 272.141 64.8803
1 0 9 641.941 188.756 45.48
1 0 10 690.879 235.003 39.3287
1 0 11 629.432 214.758 29.4929
1 0 12 765.3 260.995 41.7624
1 0 13 604.593 196.901 36.038
1 0 14 759.8 268.631 28.9533
1 0 15 588 159.054 43.6365
1 0 16 795.591 285.278 33.3944
1 0 17 653.392 200.062 41.4489
1 0 18 605.725 180.016 43.0962
1 0 19 573.988 162.038 49.6176
1 0 20 586.289 178.095 35.2994
1 0 21 480.578 658.291 12.2198
1 1 0 463.328 189.19 15.3807
1 1 1 345.451 134.681 23.3565
1 1 2 305.58 100.569 23.4223
1 1 3 245.614 97.0094 21.9825
1 1 4 345.718 138.047 26.4697
1 1 5 281.491 104.182 24.9642
1 1 6 340.588 115.316 27.8356
1 1 7 467.853 168.65 32.3184
1 1 8 359.105 115.461 29.0365
1 1 9 310.544 108.365 28.8562
1 1 10 374.284 124.118 25.0647
1 1 11 275.6 106.054 29.6391
1 1 12 315.086 124.501 24.9026
1 1 13 269.844 97.2007 25.2269
1 1 14 296.59 103.437 31.3678
1 1 15 303.924 110.817 25.6124
1 1 16 267.298 93.064 29.9547
1 1 17 269.943 98.4997 22.9074
1 1 18 249.807 93.6117 24.3451
1 1 19 309.156 114.707 24.9159
1 1 20 292.728 113.45 28.9679
1 1 21 331.933 139.832 12.6406
1 2 0 566.499 155.075 29.9119
1 2 1 495.548 130.099 34.1527
1 2 2 366.685 172.037 0.0797938
1 2 3 397.654 108.931 25.2373
1 2 4 543.258 178.922 19.8835
1 2 5 460.862 133.938 24.6138
1 2 6 477.333 130.43 28.103
1 2 7 587.167 166.268 30.5045
1 2 8 546.698 157.31 30.0257
1 2 9 449.371 120.895 29.993
1 2 10 509.579 144.456 27.9847
1 2 11 419.599 124.516 25.3233
1 2 12 497.388 153.309 28.2339
1 2 13 401.419 107.247 30.8418
1 2 14 483.028 136.826 27.9898
1 2 15 427.984 117.52 24.1039
1 2 16 466.359 142.268 25.0838
1 2 17 382.289 167.764 2.69932
1 2 18 389.469 116.877 25.0637
1 2 19 425.569 116.616 26.4706
1 2 20 418.59 125.216 21.837
1 2 21 468.434 133.665 31.5945
2 0 0 758.526 132.719 68.4008
2 0 1 600.378 92.4169 42.9355
2 0 2 681.673 115.265 43.2573
2 0 3 653.074 101.369 50.802
2 0 4 654.027 123.027 53.2746
2 0 5 540.923 99.7518 46.9424
2 0 6 659.623 113.737 31.2258
2 0 7 614.787 90.845 52.575
2 0 8 658.244 118.991 49.8387
2 0 9 678.839 108.085 60.7151
2 0 10 680.592 107.182 66.4363
2 0 11 542.545 76.6591 45.8199
2 0 12 601.71 107.036 62.4511
2 0 13 614.338 95.4679 63.887
2 0 14 660.317 143.928 37.1261
2 0 15 710.131 83.8811 73.7392
2 0 16 649.977 114.376 60.9832
2 0 17 642.263 118.232 41.4752
2 0 18 796.001 156.322 57.0048
2 0 19 809.485 115.081 59.1641
2 0 20 614.401 105.812 45.239
2 0 21 741.627 93.731 75.8797
2 1 0 185.039 52.5387 17.6345
2 1 1 191.987 52.6663 19.9225
2 1 2 204.397 52.7587 19.5344
2 1 3 157.42 38.1081 23.9098
2 1 4 196.164 52.2967 17.1095
2 1 5 164.963 48.0515 15.7455
2 1 6 152.811 43.0001 17.7967
2 1 7 168.22 51.9146 12.9778
2 1 8 166.49 41.317 14.8341
2 1 9 182.369 54.584 23.2894
2 1 10 183.62 52.4742 18.7381
2 1 11 196.519 53.8977 20.8656
2 1 12 204.536 56.099 23.2737
2 1 13 234.514 63.6696 30.2649
2 1 14 231.381 56.6348 16.8763
2 1 15 179.873 48.484 26.1023
2 1 16 182.41 49.723 21.4683
2 1 17 219.798 67.3241 13.9914
2 1 18 182.085 57.2105 15.7764
2 1 19 188.045 69.0857 11.095
2 1 20 195.5 49.3046 24.5378
2 1 21 176.35 53.5839 17.7165
2 2 0 366.395 65.4779 33.3662
2 2 1 331.364 56.3195 28.8768
2 2 2 358.197 68.0728 25.1009
2 2 3 323.142 60.039 24.8963
2 2 4 342.794 51.7749 32.5406
2 2 5 292.863 54.2601 24.7943
2 2 6 314.219 62.2125 21.0443
2 2 7 317.886 56.705 23.5739
2 2 8 329.791 63.7402 21.8903
2 2 9 337.877 48.6159 40.381
2 2 10 354.178 73.9439 27.7009
2 2 11 323.799 66.6755 19.0087
2 2 12 344.982 58.9633 33.132
2 2 13 379.468 67.385 37.1121
2 2 14 385.628 75.4443 21.4605
2 2 15 347.376 54.4014 36.487
2 2 16 342.936 62.3296 25.3256
2 2 17 368.047 73.2181 24.4664
2 2 18 375.474 78.2376 27.4867
2 2 19 382.665 80.6923 25.919
2 2 20 344.968 55.0294 30.0808
2 2 21 366.1 73.014 29.9172
3 0 0 677.49 174.296 48.2999
3 0 1 658.724 184.955 41.514
3 0 2 698.864 230.361 37.193
3 0 3 665.815 186.339 56.7512
3 0 4 667.422 212.024 42.1023
3 0 5 691.745 227.643 37.5908
3 0 6 640.186 199.279 42.8852
3 0 7 731.015 221.204 50.1729
3 0 8 569.99 175.994 39.0053
3 0 9 773.941 300.881 37.0563
3 0 10 705.924 238.213 38.2708
3 0 11 645.825 208.559 43.8128
3 0 12 708.724 215.207 43.1121
3 0 13 745.614 240.481 45.2583
3 0 14 623.624 191.675 42.2449
3 0 15 626.213 199.183 29.9381
3 0 16 746.437 266.235 35.5304
3 0 17 533.425 186.026 23.6895
3 0 18 790.146 254.088 46.6984
3 0 19 737.053 237.153 45.3864
3 0 20 654.413 239.903      65.08261
3 0 21 675.879 162.985 62.639
3 1 0 324.336 117.21 34.2996
3 1 1 270.436 119.204       27.47486
3 1 2 252.827 83.8173 34.7855
3 1 3 169.94 70.9222 15.3156
3 1 4 152.427 65.906 15.5612
3 1 5 199.672 87.8731 12.6713
3 1 6 151.563 68.4787 15.9091
3 1 7 157.419 71.0883 12.0259
3 1 8 159.74 74.5121 19.7958
3 1 9 155.079 62.9003 15.1409
3 1 10 157.992 76.7481 10.0043
3 1 11 176.726 81.9418 17.6129
3 1 12 205.682 99.216 15.7861
3 1 13 133.57 71.3325 10.5105
3 1 14 206.508 97.7256 16.1229
3 1 15 119.1 60.9222 10.5836
3 1 16 161.076 60.853 25.1352
3 1 17 128.29 51.3968 12.9864
3 1 18 193.577 99.6158 8.89824
3 1 19 168.742 75.3681 18.3064
3 1 20 156.599 103.576     15.28956
3 1 21 213.992 84.3272     21.583532
3 2 0 472.328 93.3915 39.8218
3 2 1 418.232 124.318 18.784
3 2 2 427.233 126.016 26.0187
3 2 3 341.898 101.284 22.1629
3 2 4 324.064 106.057 17.1946
3 2 5 372.389 106.849 24.9777
3 2 6 312.685 94.3743 22.7291
3 2 7 341.694 106.805 21.4296
3 2 8 302.887 86.5041 27.1027
3 2 9 348.935 114.522 22.3419
3 2 10 334.539 108.152 21.1729
3 2 11 340.242 112.802 19.8461
3 2 12 384.155 115.905 26.3103
3 2 13 317.799 107.39 20.7723
3 2 14 363.089 111.076 21.7521
3 2 15 273.338 86.6663 19.5118
3 2 16 351.34 113.804 27.3515
3 2 17 262.353 80.8404 15.1283
3 2 18 390.815 133.116 21.3069
3 2 19 356.875 111.818 23.4565
3 2 20 331.489 102.678 20.8812
3 2 21 353.863 90.3672 22.5954
4 0 0 802.512 135.532 72.8274
4 0 1 664.631 130.992 65.204
4 0 2 808.145 160.425 63.4471
4 0 3 825.854 151.728 62.9676
4 0 4 767.35 114.663 71.8104
4 0 5 808.489 156.158 58.2428
4 0 6 649.445 103.357 45.3261
4 0 7 763.951 121.126 56.3767
4 0 8 737.588 126.553 47.3855
4 0 9 823.959 139.241 50.0782
4 0 10 688.94 122.789 53.2933
4 0 11 743.104 139.532 41.8401
4 0 12 718.893 162.739 37.5646
4 0 13 819.071 187.122 57.5457
4 0 14 735.311 114.895 60.0981
4 0 15 799.127 141.808 57.5021
4 0 16 716.557 136.939 65.3532
4 0 17 705.254 125.724 37.9469
4 0 18 901.645 155.71 50.403
4 0 19 808.611 131.781 80.1764
4 0 20 659.626 130.19 61.7855
4 0 21 655.131 118.235 48.2762
4 1 0 224.608 127.397      22.89121
4 1 1 199.525 59.2889 24.7124
4 1 2 191.966 99.733       19.15792
4 1 3 193.176 56.7011 15.3061
4 1 4 246.404 119.982      24.73226
4 1 5 183.005 41.4968 21.5901
4 1 6 204.217 77.3317 11.2497
4 1 7 233.969 75.6956 21.4186
4 1 8 183.378 60.1398 32.3815
4 1 9 205.522 74.4373 18.8719
4 1 10 205.772 56.6277 31.6832
4 1 11 197.49 82.1054      19.36814
4 1 12 180.246 67.9542 19.186
4 1 13 221.391 61.4344 19.5174
4 1 14 231.351 71.4872 14.6743
4 1 15 204.169 57.9031 22.3182
4 1 16 209.12 50.5316 26.3182
4 1 17 204.782 53.9935 23.2526
4 1 18 197.63 65.4578 18.023
4 1 19 190.333 48.7569 20.831
4 1 20 219.84 64.9486 26.0571
4 1 21 230.918 63.0457 33.4936
4 2 0 394.92 85.9296 40.6007
4 2 1 341.601 48.2814 35.8811
4 2 2 393.675 61.4124 45.5408
4 2 3 390.295 71.4351 29.721
4 2 4 386.203 82.7911 42.6736
4 2 5 371.26 49.3199 32.9373
4 2 6 353.123 73.2373 21.9723
4 2 7 417.307 76.02 34.0784
4 2 8 375.176 78.4174 24.7703
4 2 9 394.396 61.5738 40.4299
4 2 10 380.456 89.652 31.3398
4 2 11 351.245 71.4287 29.6062
4 2 12 356.628 76.1738 22.2773
4 2 13 408.523 86.2198 29.2495
4 2 14 404.584 70.2647 36.1953
4 2 15 398.389 79.9408 32.6825
4 2 16 375.574 45.2244 37.7601
4 2 17 382.587 78.5791 23.3988
4 2 18 426.577 102.964 20.1454
4 2 19 377.521 48.2965 44.1374
4 2 20 389.903 87.2973 24.5025
4 2 21 383.547 51.1203 35.1133
5 0 0 628.555 140.579 55.7739
5 0 1 628.423 196.275 30.5226
5 0 2 638.024 205.135 37.4204
5 0 3 631.262 218.027 33.0568
5 0 4 664.371 243.585 42.8422
5 0 5 617.875 218.018 54.0626
5 0 6 640.502 230.035 33.3664
5 0 7 672.659 233.11 57.0742
5 0 8 666.784 203.624 52.6575
5 0 9 785.536 264.77 51.0596
5 0 10 694.565 240.419 36.1715
5 0 11 798.556 264.302 57.0542
5 0 12 637.942 185.107 56.2221
5 0 13 857.421 312.271 48.6536
5 0 14 551.472 172.757 38.6375
5 0 15 702.008 232.343 62.7218
5 0 16 626.674 216.815 35.1631
5 0 17 697.97 274.155 14.1615
5 0 18 724.814 233.94 49.7537
5 0 19 815.381 255.996 52.8908
5 0 20 656.148 152.014 58.2045
5 0 21 652.939 146.166 67.5679
5 1 0 314.256 113.958 29.5494
5 1 1 253.668 75.7583 18.6179
5 1 2 176.837 66.3058 19.4463
5 1 3 184.167 90.5072 18.3274
5 1 4 187.001 70.4798 25.2976
5 1 5 153.057 68.7943 10.4002
5 1 6 174.037 61.1457 19.5695
5 1 7 247.255 91.6156 23.0729
5 1 8 327.089 119.129 27.409
5 1 9 308.33 124.674 18.2383
5 1 10 173.97 83.8792 16.5029
5 1 11 197.766 122.963      19.11594
5 1 12 189.375 72.6992 23.7507
5 1 13 196.632 98.7328 17.9332
5 1 14 213.115 89.531 17.2223
5 1 15 170.808 88.3421 21.7013
5 1 16 121.751 48.8455 11.9712
5 1 17 166.629 70.6114 21.6632
5 1 18 157.488 59.6873 15.2684
5 1 19 188.581 80.3163 23.4712
5 1 20 197.883 114.528 10.2207
5 1 21 181.983 66.1076 16.9599
5 2 0 474.205 256.154 13.0295
5 2 1 394.586 86.4269 24.9118
5 2 2 337.347 90.3485 22.9199
5 2 3 349.879 117.016 17.3799
5 2 4 356.149 108.717 25.0997
5 2 5 310.544 94.8016 20.1733
5 2 6 332.824 95.7024 24.1976
5 2 7 412.609 121.873 27.0894
5 2 8 422.236 177.352      42.54963
5 2 9 493.42 151.621 25.8166
5 2 10 350.586 109.389 22.7395
5 2 11 404.163 136.479 24.7886
5 2 12 347.893 96.87 29.7032
5 2 13 413.824 148.369 24.1779
5 2 14 342.818 94.0337 24.7837
5 2 15 354.949 132.321 24.8907
5 2 16 276.333 87.8307 16.553
5 2 17 341.211 107.439 26.7279
5 2 18 338.976 92.573 25.1012
5 2 19 400.602 130.181 22.4188
5 2 20 365.711 108.336 27.6313
5 2 21 346.852 74.9704 26.4912
6 0 0 900.857 102.591 74.3425
6 0 1 749.227 102.542 68.957
6 0 2 996.626 154.526 79.3618
6 0 3 890.56 150.66 53.3418
6 0 4 836.737 145.929 61.0971
6 0 5 795.462 106.201 60.471
6 0 6 788.6 112.799 70.1734
6 0 7 634.922 142.165 47.3849
6 0 8 675.13 127.083 55.4347
6 0 9 762.833 114.403 63.1368
6 0 10 760.952 110.781 56.4858
6 0 11 775.95 151.842 48.4832
6 0 12 810.248 97.9955 72.5711
6 0 13 674.274 108.987 59.3181
6 0 14 834.559 155.444 36.6504
6 0 15 813.676 97.6538 70.0562
6 0 16 831.349 121.084 57.3845
6 0 17 731.161 90.2413 72.9423
6 0 18 864.975 122.092 68.2542
6 0 19 729.294 87.0629 67.9829
6 0 20 742.538 159.358 50.9805
6 0 21 787.906 100.244 75.8523
6 1 0 241.272 56.4519 35.2423
6 1 1 220.711 53.3399 33.7803
6 1 2 240.278 69.7126 15.1008
6 1 3 216.707 55.2075 22.1103
6 1 4 193.822 44.7031 23.4988
6 1 5 245.7 61.8758 23.6324
6 1 6 198.574 55.2936 22.2979
6 1 7 210.197 58.2182 18.2049
6 1 8 211.982 46.192 31.6742
6 1 9 207.871 42.7284 23.7085
6 1 10 191.733 47.5532 19.3806
6 1 11 177.085 49.7066 22.7319
6 1 12 185.591 46.2834 25.3015
6 1 13 198.538 59.4114 24.4321
6 1 14 212.938 63.2367 15.0301
6 1 15 200.661 48.0011 19.6495
6 1 16 224.686 53.6644 28.3897
6 1 17 175.203 45.4611 22.0379
6 1 18 173.233 43.7633 23.169
6 1 19 194.146 46.8924 24.2946
6 1 20 180.073 31.0924 30.836
6 1 21 226.198 45.1479 24.2956
6 2 0 450.943 75.0409 50.9467
6 2 1 410.527 70.4907 37.0187
6 2 2 489.249 109.155 15.9445
6 2 3 428.677 68.5382 37.0529
6 2 4 391.165 62.6566 33.6558
6 2 5 435.421 74.4325 37.6122
6 2 6 391.348 79.867 30.8481
6 2 7 355.31 69.6065 27.9237
6 2 8 380.419 64.8536 33.5641
6 2 9 388.52 60.011 33.7723
6 2 10 371.54 55.5679 30.4082
6 2 11 358.886 71.729 27.6395
6 2 12 384.252 51.5889 41.2891
6 2 13 355.997 63.7026 35.4578
6 2 14 416.211 85.3233 26.2895
6 2 15 403.25 71.8683 30.3502
6 2 16 433.096 92.9811 27.3305
6 2 17 354.943 66.685 36.4225
6 2 18 387.846 66.809 35.4343
6 2 19 372.394 59.7462 31.9577
6 2 20 372.202 76.143 30.1968
6 2 21 421.048 62.894 36.9691
7 0 0 637.873 151.908 36.1754
7 0 1 629.007 166.832 41.467
7 0 2 625.209 199.273 38.8728
7 0 3 636.903 199.793 31.2545
7 0 4 591.785 183.063 33.9942
7 0 5 642.13 240.352 28.005
7 0 6 577.965 201.46 36.3476
7 0 7 573.168 177.434 45.1667
7 0 8 629.743 208.237 33.5125
7 0 9 670.248 227.565 42.8953
7 0 10 642.401 215.987 39.4451
7 0 11 734.738 290.956 41.8237
7 0 12 654.822 213.432 48.5535
7 0 13 708.102 219.15 47.1639
7 0 14 723.589 232.377 37.1801
7 0 15 799.437 254.849 50.1101
7 0 16 701.644 228.885 45.1982
7 0 17 549.092 185.647 35.8918
7 0 18 622.734 203.903 37.9189
7 0 19 693.408 217.705 40.2194
7 0 20 696.693 199.732 45.2867
7 0 21 669.037 239.546     66.43186
7 1 0 201.292 96.5177 16.6038
7 1 1 161.979 55.9449 10.999
7 1 2 194.974 89.5635 18.3102
7 1 3 138.214 59.541 14.175
7 1 4 135.179 64.8541 13.2392
7 1 5 256.841 96.4885 21.5312
7 1 6 134.935 66.6704 12.6814
7 1 7 142.328 73.5675 12.6363
7 1 8 119.023 62.3336 10.606
7 1 9 153.997 70.3334 19.4515
7 1 10 200.577 88.3203 16.8755
7 1 11 168.099 88.1143 10.479
7 1 12 126.344 63.8392 10.9416
7 1 13 158.852 72.0929 18.9731
7 1 14 148.515 74.1961 15.1739
7 1 15 167.982 68.2526 18.8201
7 1 16 125.783 59.5937 16.6789
7 1 17 252.443 99.1497 22.2536
7 1 18 127.059 59.6751 8.98322
7 1 19 126.237 63.1274 9.60338
7 1 20 142.676 67.7255 9.44045
7 1 21 177.539 80.6258 17.6219
7 2 0 362.051 82.6853 23.7487
7 2 1 316.299 74.081 18.7016
7 2 2 354.369 96.3053 24.1988
7 2 3 299.56 97.5738 13.6203
7 2 4 285.191 84.5902 19.0367
7 2 5 409.92 125.879 21.2017
7 2 6 282.765 97.5808 15.7038
7 2 7 288.502 96.4793 18.3615
7 2 8 275.674 90.0678 18.3639
7 2 9 326.913 105.183 22.9024
7 2 10 362.322 105.897 22.9565
7 2 11 356.09 119.193 20.1397
7 2 12 288.595 95.6966 21.1353
7 2 13 338.751 110.599 23.383
7 2 14 333.787 110.568 19.2298
7 2 15 369.415 116.981 25.0148
7 2 16 302.601 103.313 18.7538
7 2 17 376.436 110.167 22.4423
7 2 18 281.756 89.9003 17.4175
7 2 19 298.084 93.0278 17.5584
7 2 20 315.447 82.8059 21.0275
7 2 21 337.238 94.3546 27.6651
8 0 0 635.759 97.9792 62.3493
8 0 1 648.914 113.781 59.5541
8 0 2 647.409 131.17 52.7672
8 0 3 623.388 89.7893 62.1591
8 0 4 713.411 128.11 53.8785
8 0 5 667.285 129.138 39.8982
8 0 6 666.918 109.383 49.3087
8 0 7 655.123 105.494 41.0345
8 0 8 559.312 84.5199 47.7268
8 0 9 687.552 128.547 53.9106
8 0 10 727.057 116.673 48.8853
8 0 11 641 106.048 46.3809
8 0 12 511.52 66.561 48.7549
8 0 13 639.083 116.804 52.8227
8 0 14 692.201 147.266 45.2692
8 0 15 673.128 132.835 54.9878
8 0 16 757.55 135.739 52.4802
8 0 17 763.112 112.514 56.7636
8 0 18 788.686 151.492 49.1059
8 0 19 739.139 89.604 93.1945
8 0 20 794.272 143.318 55.4238
8 0 21 807.229 109.453 65.9505
8 1 0 192.431 41.7054 26.9754
8 1 1 181.26 35.0256 21.5448
8 1 2 170.921 46.9501 17.7376
8 1 3 181.374 47.3202 19.8128
8 1 4 227.053 46.2066 23.9864
8 1 5 203.847 53.3073 17.5839
8 1 6 174.459 41.6628 22.0425
8 1 7 225.246 46.0648 30.7595
8 1 8 187.475 43.4141 16.4311
8 1 9 162.694 42.2786 16.4944
8 1 10 150.086 31.0895 20.3966
8 1 11 199.319 54.8588 20.0939
8 1 12 188.262 42.8799 30.5412
8 1 13 187.045 51.4604 16.8346
8 1 14 189.115 42.6965 23.4752
8 1 15 178.99 63.9563 14.4651
8 1 16 180.617 43.6998 15.9683
8 1 17 202.933 55.3765 20.2958
8 1 18 220.548 54.2255 22.0689
8 1 19 220.091 75.1513 18.7451
8 1 20 173.183 43.9945 12.7442
8 1 21 193.361 37.4935 23.1936
8 2 0 343.735 44.8446 35.0914
8 2 1 338.083 47.3772 31.9278
8 2 2 328.354 69.3836 25.2021
8 2 3 332.44 58.7651 31.1734
8 2 4 380.018 29.5705 44.0768
8 2 5 367.376 68.325 25.7022
8 2 6 332.873 51.9493 34.1917
8 2 7 382.996 54.2396 32.3105
8 2 8 324.869 60.1661 18.3659
8 2 9 337.01 66.1771 21.4571
8 2 10 321.783 54.6414 23.4273
8 2 11 350.518 63.0015 25.131
8 2 12 310.843 48.8898 30.4963
8 2 13 334.503 56.0009 28.1152
8 2 14 359.579 63.1974 25.1733
8 2 15 337.403 75.9909 24.7324
8 2 16 359.634 67.0603 25.233
8 2 17 388.131 57.4006 38.8966
8 2 18 412.548 76.0304 29.221
8 2 19 390.867 64.2005 39.3277
8 2 20 354.074 66.506 24.8738
8 2 21 377.356 31.4029 40.9549
9 0 0 829.461 264.973 76.7158
9 0 1 764.708 233.442 61.6523
9 0 2 795.459 237.903 55.0451
9 0 3 843.003 277.53 58.0492
9 0 4 832.22 273.061 58.9423
9 0 5 826.404 264.935 68.7071
9 0 6 837.264 311.394 38.1468
9 0 7 761.508 277.129 45.9391
9 0 8 735.411 233.497 68.6892
9 0 9 757.843 266.969 51.2289
9 0 10 947.15 338.885 40.8126
9 0 11 758.277 252.967 48.2071
9 0 12 835.085 319.808 62.8385
9 0 13 806.376 333.267 57.9711
9 0 14 817.019 323.031 32.0874
9 0 15 727.608 255.547 44.2719
9 0 16 809.897 284.875 59.8073
9 0 17 775.727 276.974 48.5462
9 0 18 759.612 255.109 73.0948
9 0 19 849.872 266.808 50.2744
9 0 20 837.276 210.651 66.563
9 0 21 884.972 208.601 91.4736
9 1 0 162.22 68.7777 19.7952
9 1 1 266.809 124.891 10.6629
9 1 2 222.454 93.2079 16.9233
9 1 3 279.961 124.336 16.0107
9 1 4 189.276 80.5889 17.6393
9 1 5 191.377 80.7424 21.9078
9 1 6 159.76 72.8148 15.4965
9 1 7 239.973 110.944 33.5981
9 1 8 188.652 87.3491 18.1281
9 1 9 258.817 126.362 19.4064
9 1 10 175.656 83.5516 15.2008
9 1 11 190.952 84.0864 20.7418
9 1 12 271.532 134.97 17.4286
9 1 13 310.28 130.354 29.4575
9 1 14 196.154 78.0499 25.7576
9 1 15 213.587 101.788 26.2299
9 1 16 182.272 82.0325 21.6228
9 1 17 305.694 107.317 35.0193
9 1 18 282.919 112.803 23.3724
9 1 19 202.41 114.768 15.4955
9 1 20 194.712 89.7362 17.85
9 1 21 229.306 128.551    21.11482
9 2 0 372.734 82.9299 34.714
9 2 1 426.638 168.584     42.6906
9 2 2 427.506 127.959 20.3222
9 2 3 491.043 152.88 25.0979
9 2 4 402.035 117.28 26.6637
9 2 5 401.049 126.31 28.591
9 2 6 366.558 117.392 23.0423
9 2 7 440.326 148.248 29.041
9 2 8 382.155 121.751 23.476
9 2 9 445.426 142.741 29.1065
9 2 10 412.914 131.715 23.0468
9 2 11 385.331 120.773 23.4823
9 2 12 480.349 153.328 32.4081
9 2 13 507.513 159.78 35.5528
9 2 14 407.469 139.148 21.104
9 2 15 402.867 125.656 27.3091
9 2 16 391.953 128.761 26.4887
9 2 17 499.642 144.935 25.3357
9 2 18 467.782 134.502 33.4503
9 2 19 419.994 144.948 22.4635
9 2 20 415.488 122.458 22.2503
9 2 21 444.329 134.221 26.435
10 0 0 742.798 93.6532 66.368
10 0 1 863.875 145.703 71.1921
10 0 2 812.198 115.227 56.1938
10 0 3 696.071 81.762 56.9369
10 0 4 841.191 150.493 70.9339
10 0 5 782.341 121.802 49.7517
10 0 6 734.19 84.08 64.1876
10 0 7 733.752 120.686 70.6772
10 0 8 714.905 99.5632 71.7902
10 0 9 719.564 100.747 66.972
10 0 10 713.069 111.738 58.8645
10 0 11 730.632 172.965 49.1794
10 0 12 746.655 137.25 38.8577
10 0 13 764.65 175.292 46.7398
10 0 14 740.816 159.183 68.3578
10 0 15 871.757 156.159 54.8341
10 0 16 768.973 120.113 71.2056
10 0 17 864.657 162.124 52.2728
10 0 18 867.491 165.339 68.8932
10 0 19 813.035 134.975 66.3057
10 0 20 783.598 133.694 66.6418
10 0 21 774.317 92.2376 87.6052
10 1 0 167.138 45.8347 25.2868
10 1 1 152.261 47.1881 12.4279
10 1 2 171.039 45.1652 18.5013
10 1 3 145.657 40.6336 12.2033
10 1 4 169.879 59.5223 24.4155
10 1 5 142.173 38.6677 19.376
10 1 6 167.137 48.5842 17.1065
10 1 7 157.755 38.2949 23.7179
10 1 8 197.248 56.1856 16.143
10 1 9 132.007 44.4317 11.8663
10 1 10 150.339 47.0341 13.9772
10 1 11 151.309 40.4436 18.8047
10 1 12 185.078 46.632 16.3597
10 1 13 146.27 52.3664 12.7378
10 1 14 172.381 44.5477 23.2325
10 1 15 163.718 55.7327 11.6633
10 1 16 223.534 66.4621 16.2112
10 1 17 172.889 55.7737 17.0222
10 1 18 170.656 59.3218 16.7429
10 1 19 180.053 52.1143 16.02
10 1 20 181.955 41.9865 27.2685
10 1 21 171.242 47.8786 21.7978
10 2 0 345.9 63.706 33.4587
10 2 1 349.956 69.895 27.0077
10 2 2 373.646 78.1818 21.7802
10 2 3 312.073 57.5597 26.1211
10 2 4 363.867 73.6395 44.324
10 2 5 335.55 62.5578 29.4868
10 2 6 348.201 71.9132 28.8238
10 2 7 331.612 57.634 32.4957
10 2 8 370.28 77.2872 22.7644
10 2 9 294.973 58.4556 26.6862
10 2 10 320.264 63.9885 28.3271
10 2 11 327.742 68.3667 24.1347
10 2 12 363.388 65.3159 24.7171
10 2 13 319.447 62.3633 27.4438
10 2 14 351.305 61.691 35.2688
10 2 15 357.056 75.3268 33.214
10 2 16 401.547 73.9895 35.3485
10 2 17 367.198 79.5951 31.3168
10 2 18 378.439 88.9344 27.7905
10 2 19 369.887 65.7695 35.6347
10 2 20 366.084 64.0344 33.9569
10 2 21 346.663 71.8789 32.8571
11 0 0 803.985 815.198 89.9896
11 0 1 301.658 36.0666 36.0667
11 0 2 184.285 22.0333 22.0333
11 0 3 221.943 0.104768     22.667809
11 0 4 369.53 110.461 41.4125
11 0 5 403.261 0.988801     40.148
11 0 6 912.838 560.329      91.6
11 0 7 644.724 572.471      64.056
11 0 8 409.376 1.0802       40.157
11 0 9 598.59 163.753       59.739
11 0 10 621.647 216.998 32.3294
11 0 11 740.946 236.489 48.1237
11 0 12 663.666 199.803 56.6552
11 0 13 746.012 335.968     74.8076
11 0 14 591.84 167.093 37.815
11 0 15 769.876 204.807 60.5432
11 0 16 609.473 269.766 41.1091
11 0 17 572.065 241.585 49.5436
11 0 18 647.086 330.108 12.1435
11 0 19 688.093 234.094 40.1822
11 0 20 713.534 190.302 45.8387
11 0 21 845.019 274.415 57.233
11 1 0 200.345 130.267      20.39187
11 1 1 200.5808 15.1367     20.61711
11 1 2 200.341 30.9492      20.9968
11 1 3 257.074 194.022      25.86
11 1 4 198.899 63.1135      19.6013
11 1 5 157.373 15.578       15.6824
11 1 6 258.279 106.4        25.63743
11 1 7 331.948 189.219      33.914
11 1 8 176.961 8.59932      17.757
11 1 9 315.698 90.8496      31.51
11 1 10 232.056 64.2075 41.7821
11 1 11 207.361 79.2425 28.3664
11 1 12 170.71 42.1064 18.6944
11 1 13 180.014 54.2038 14.9104
11 1 14 210.654 69.2953 29.0798
11 1 15 247.87 73.921 23.4663
11 1 16 206.797 47.3758 27.7196
11 1 17 257.272 65.5642 31.6909
11 1 18 223.35 73.2959 28.4495
11 1 19 227.761 67.4188 16.7256
11 1 20 218.545 65.8501 27.8762
11 1 21 258.248 92.8029 26.8017
11 2 0 470.547 384.322 16.5415
11 2 1 152.488 42.6244 18.3489
11 2 2 226.763 178.098 28.2092
11 2 3 281.985 237.181      28.27
11 2 4 267.399 88.1828 31.2042
11 2 5 353.461 360.914 28.6746
11 2 6 337.31 311.869       33.06316
11 2 7 475.097 344.425 49.6892
11 2 8 388.613 19.2025      38.488
11 2 9 459.435 164.596      45.711
11 2 10 368.891 81.979 41.7883
11 2 11 377.977 99.8494 34.7184
11 2 12 326.418 76.1499 30.4133
11 2 13 337.025 89.613 28.9196
11 2 14 342.952 87.5785 25.4019
11 2 15 399.596 96.1108 39.3847
11 2 16 341.175 77.9697 36.1347
11 2 17 369.244 98.6811 41.8256
11 2 18 353.371 84.4658 47.8064
11 2 19 365.953 102.473 28.3635
11 2 20 382.194 85.6911 30.1701
11 2 21 438.428 80.6179 56.6686
12 0 0 927.001 151.5 66.9599
12 0 1 828.016 154.486 74.2951
12 0 2 938.808 201.824 65.9724
12 0 3 837.126 160.812 53.9407
12 0 4 913.791 92.6225 91.8704
12 0 5 842.3 153.096 65.0862
12 0 6 838.707 170.754 62.0563
12 0 7 839.825 127.537 75.9752
12 0 8 883.747 177.939 58.6114
12 0 9 920.042 198.989 53.1784
12 0 10 941.891 158.687 84.4079
12 0 11 859.514 175.239 48.964
12 0 12 776.696 145.139 69.6786
12 0 13 776.547 160.875 71.6498
12 0 14 773.391 119.324 64.8358
12 0 15 883.198 155.265 78.507
12 0 16 870.462 136.509 57.025
12 0 17 854.513 180.895 66.7314
12 0 18 864.152 145.394 78.3421
12 0 19 758.716 115.826 58.8758
12 0 20 955.471 127.293 76.8076
12 0 21 767.652 152.831 58.7075
12 1 0 371.109 67.9916 45.8979
12 1 1 390.358 68.847 37.6695
12 1 2 491.436 117.765 54.9584
12 1 3 408.858 77.7171 48.5986
12 1 4 361.808 72.0607 42.5034
12 1 5 423.307 85.7984 43.2194
12 1 6 377.606 63.6476 49.7239
12 1 7 421.566 83.2406 39.9738
12 1 8 436.818 91.3567 47.6123
12 1 9 391.678 98.5929 37.2414
12 1 10 451.844 91.9461 43.8865
12 1 11 383.335 84.0401 53.2093
12 1 12 403.699 96.0499 38.1069
12 1 13 441.719 99.9501 42.7296
12 1 14 343.827 75.1729 41.9909
12 1 15 331.968 53.8805 40.2225
12 1 16 370.388 74.3952 36.2169
12 1 17 337.208 59.5664 30.9666
12 1 18 319.019 57.752 35.5176
12 1 19 351.806 67.5101 36.6491
12 1 20 385.639 99.3499 26.8361
12 1 21 297.278 63.1799 30.4788
12 2 0 584.31 91.6079 40.2212
12 2 1 572.916 97.1797 37.418
12 2 2 643.337 81.1123 65.5081
12 2 3 562.754 79.1291 57.8084
12 2 4 563.105 63.4333 50.6016
12 2 5 594.415 80.8095 47.1274
12 2 6 564.137 83.603 51.1821
12 2 7 596.152 86.3619 41.3268
12 2 8 618.211 103.283 45.2645
12 2 9 587.913 113.252 51.2295
12 2 10 645.701 104.511 54.2581
12 2 11 565.388 99.9471 44.102
12 2 12 550.154 38.5907 55.6289
12 2 13 563.604 98.2113 46.6639
12 2 14 496.568 69.7548 43.8637
12 2 15 525.868 65.191 38.5073
12 2 16 557.318 87.8209 33.9518
12 2 17 524.837 75.6807 43.4776
12 2 18 519.681 80.003 43.3681
12 2 19 515.498 56.8741 41.1111
12 2 20 589.868 97.5756 40.644
12 2 21 469.321 71.702 36.1141
13 0 0 800.4 379.643        80.32
13 0 1 800.524 55.3         80.3
13 0 2 708.356 512.589      70.063
13 0 3 747.899 266.731      74.31
13 0 4 628.826 75.1833 75.1833
13 0 5 807.194 273.447      80.63
13 0 6 465.953 475.338      46.57
13 0 7 619.452 450.416      61.633
13 0 8 640.273 23.3027      65.038
13 0 9 567.079 216.195      51.308
13 0 10 684.649 162.818 55.4999
13 0 11 659.465 136.865 71.2326
13 0 12 653.538 139.969 61.7308
13 0 13 664.185 141.042 46.4291
13 0 14 734.535 146.47 53.4235
13 0 15 743.76 157.042 51.6909
13 0 16 685.515 128.843 58.3496
13 0 17 692.269 150.745 45.9155
13 0 18 747.088 165.558 47.8429
13 0 19 724.91 112.059 77.5778
13 0 20 711.052 165.855 26.7597
13 0 21 760.862 153.133 63.6005
13 1 0 700.19 317.692       70.67
13 1 1 700.75 193.164       70.202
13 1 2 516.651 171.91 68.7801
13 1 3 882.637 703.679      88.78
13 1 4 461.966 55.2333 55.2333
13 1 5 979.184 28.5121      97.371
13 1 6 693.462 482.839      69.387
13 1 7 714.27 524.309       71.658
13 1 8 726.984 6.08617      72.493
13 1 9 764.622 0.652968     76.355
13 1 10 764.971 145.227 58.8095
13 1 11 700.546 189.89 55.4746
13 1 12 679.224 126.343 62.1265
13 1 13 685.965 129.314 59.7329
13 1 14 669.56 161.909 53.1425
13 1 15 891.458 168.187 30.8146
13 1 16 523.86 99.8757 47.9071
13 1 17 886.307 151.753 62.9565
13 1 18 860.293 153.923 71.27
13 1 19 621.509 92.5953 55.7677
13 1 20 705.295 138.233 49.7062
13 1 21 866.653 178.331 73.2053
13 2 0 500.705 407.976      50.84
13 2 1 500.58 319.57        50.102
13 2 2 500.262 522.448      50.46
13 2 3 615.3 274.404 93.3639
13 2 4 535.708 64.05 64.05
13 2 5 722.714 510.142      72.39068
13 2 6 566.146 1.09395      56.206
13 2 7 438.779 130.87       43.9
13 2 8 766.606 666.592      76.519
13 2 9 738.33 173.118       73.311
13 2 10 734.387 118.98 48.9772
13 2 11 695.784 137.166 57.5106
13 2 12 649.926 77.5151 61.5621
13 2 13 670.647 88.0537 47.1263
13 2 14 691.127 84.0798 56.4286
13 2 15 803.357 85.8254 61.8872
13 2 16 590.414 86.5774 47.2791
13 2 17 775.54 113.808 38.3758
13 2 18 798.812 119.419 48.6349
13 2 19 656.615 62.1681 63.431
13 2 20 688.23 91.9159 42.9526
13 2 21 799.973 119.849 49.6971
