54.6477 490.964 41.4128 870.705
60.4002 372.294 45.6084 886.743
86.4461 401.907 38.121 506.809
55 0 47.8541 542.132
55 0 46.5981 667.589
67.7769 276.219 45.0483 396.56
55 0 55.0939 472.947
64.4316 67.125 43.7132 626.206
74.1855 198.512 42.8816 587.059
82.3743 -1100.68 48.5118 389.916
46.3021 430.27 46.2303 506.424
45.9979 660.054 44.2253 589.877
55 0 48.9978 507.144
55 0 44.1023 489.336
72.8844 409.872 44.8746 635.476
55 0 50.2326 714.806
60.1502 596.161 46.1281 546.995
68.5843 -591.861 44.0849 726.637
55 0 52.7971 605.607
78.8803 439.611 33.8415 545.856
55 0 49.5678 678.122
76.6133 -399.342 50.076 670.302
53.1569 33.7876 42.5635 630.621
94.0154 -1429.01 46.7597 448.114
57.0652 423.715 39.7654 503.691
55 0 43.1491 795.631
65.9307 -777.178 40.0925 515.153
56.0711 538.872 43.0036 563.777
55 0 38.1115 528.396
55 0 46.5732 574.887
51.1277 760.031 40.2184 396.141
60.3432 400.391 46.0654 429.128
55.8 282.67 36.1949 412.623
55 0 39.5069 607.53
56.0751 -147.35 35.9641 526.839
68.4307 241.665 42.0674 547.187
56.3472 741.711 29.3986 423.16
55 0 41.4967 439.075
55.1629 -57.8473 33.2236 553.791
55 0 43.3146 769.214
55 0 35.1172 505.364
55 0 37.7764 530.923
55 0 38.9966 673.219
81.2062 -556.305 41.9768 413.971
55 0 54.2731 722.889
55 0 50.0837 638.192
55 0 54.3142 719.099
55 0 52.6764 502.442
55 0 56.3195 799.662
55 0 55.8384 638.943
55 0 53.4834 636.59
55 0 50.4952 685.078
55 0 58.4579 853.29
46.0714 405.357 51.7352 1051.57
77.289 272.252 60.2769 213.571
47.8652 257.599 49.8061 111.244
58.0243 121.878 51.9003 460.281
61.0996 77.765 52.4218 450.972
63.7758 31.2024 52.2529 349.99
39.0522 363.913 52.9827 310.776
85.4436 137.755 52.3551 295.29
55.6492 160.222 52.7775 408.198
42.211 347.71 49.3105 480.463
44.2066 391.303 50.7233 428.556
44.033 156.29 49.8868 680.757
69.3409 72.2451 50.4058 635.55
55 0 51.6453 454.084
55 0 51.2036 496.038
55 0 49.443 364.788
55 0 50.9463 570.54
55 0 45.6853 502.177
55 0 51.1404 428.749
55 0 46.973 564.442
55 0 54.6801 682.964
55 0 45.5882 610.667
55 0 52.039 635.378
51.8382 437.528 46.8197 507.741
67.7545 -53.3411 54.3018 502.44
66.2636 76.8496 47.3682 676.831
66.1772 -59.7305 53.4076 860.063
73.8177 -1236.36 48.442 659.98
61.447 117.012 54.5962 549.092
52.7295 23.1529 44.8439 633.817
51.6506 259.638 54.0623 748.191
61.9885 397.96 50.0538 658.101
56.3539 119.951 54.2942 737.239
62.1609 88.7885 50.508 934.17
57.5647 47.022 52.6785 582.925
68.0082 171.512 56.042 569.935
44.7391 299.173 51.5631 600.472
57.8516 151.765 53.1074 686.597
45.0011 -56.637 48.4747 749.358
66.6152 -31.7988 57.1293 768.611
44.5302 113.323 50.79 846.692
55.627 114.108 56.2903 579.799
58.0692 99.2638 49.3321 511.43
61.4959 136.543 56.4311 767.627
73.5804 -2.01163 54.5981 445.715
74.9648 305.761 61.318 480.934
52.0413 254.322 53.0158 579.901
74.5999 -31.4277 59.055 733.42
72.176 116.678 49.5076 685.266
74.8306 47.4086 60.2494 606.07
60.0277 123.92 55.7604 596.712
51.1587 86.5951 57.5513 684.197
62.2834 166.699 55.6265 537.223
69.3135 59.4025 59.8994 696.884
53.7271 15.4384 57.453 425.382
46.6934 -8.20399 68.1402 429.466
50.8539 -21.9691 57.3715 471.927
62.3336 -26.2924 45.4017 295.29
60.7757 -104.145 55.7308 414.972
57.0845 118.081 47.602 288.906
81.4817 -632.354 54.8086 367.027
54.7447 -19.0195 49.5786 443.659
75.2865 -483.052 51.7948 523.091
56.73 -94.6671 45.9142 589.978
56.0948 -184.328 52.4478 378.586
62.1355 -459.432 48.7524 562.796
70.0977 -129.121 53.9878 589.715
63.7442 108.2 48.5799 269.18
69.6804 -91.0501 49.4604 438.893
59.7959 206.566 46.1512 578.734
62.4957 40.9752 54.1609 552.931
59.8719 242.498 45.8411 576.227
65.6369 -240.345 50.4836 588.905
67.769 -25.122 48.8937 482.185
72.4464 -131.728 51.6059 584.103
64.3131 168.933 43.8156 728.519
57.3347 156.536 50.0533 619.213
64.739 -126.209 48.6843 718.394
58.696 -41.6573 50.2943 780.136
55 0 47.3074 421.505
55 0 55.3233 650.903
55 0 50.715 342.764
43.4523 1240.92 54.6018 838.84
55 0 50.2612 550.558
55 0 53.0971 602.972
55 0 46.4241 590.891
66.4765 -1331.86 53.4035 780.843
58.0169 50.0878 47.4786 982.015
69.8443 24.6655 61.4395 781.409
61.4007 349.56 46.5833 401.448
59.4915 -59.9098 52.3622 187.63
50.0723 115.236 51.6714 499.871
49.0444 -74.9921 51.0445 577.036
48.1113 412.103 49.8533 532.69
52.4552 29.7273 54.334 752.443
65.2037 163.405 49.1058 441.712
55.2757 230.449 53.7136 426.793
56.7404 356.694 47.6728 678.994
65.4258 599.998 52.7536 661.169
51.3261 219.705 47.8483 591.55
62.6237 200.853 53.7449 466.218
55 0 50.5363 521.105
55 0 43.97 292.825
55 0 48.1189 418.44
55 0 40.4285 666.023
55 0 49.5134 510.359
55 0 37.7383 676.412
55 0 49.8619 455.112
55 0 41.2376 413.46
55 0 46.554 636.926
55 0 38.846 922.848
52.8854 383.23 47.8712 415.366
68.2615 473.221 42.8328 366.545
68.3632 158.751 45.8159 680.57
52.5968 114.05 41.9318 616.437
72.8283 64.7282 46.7358 638.318
53.4283 242.197 45.5362 559.308
54.6853 -302.756 46.7492 583.121
46.027 300.556 45.884 724.974
55.7394 273.544 48.1445 523.469
61.1922 335.202 44.8856 508.418
65.3616 274.072 45.9759 483.076
62.3584 93.6908 47.3562 606.045
75.3084 909.956 62.3016 577.59
63.3073 902.662 62.5538 375.287
89.4813 598.254 62.566 279.51
77.7596 371.775 60.489 356.165
60.1946 762.184 59.568 597.261
67.3245 1251.26 59.2636 531.787
53.3856 428.249 57.6147 635.561
61.6732 680.352 57.8026 749.34
57.5796 628.795 56.8022 690.259
70.1824 610.527 57.8911 546.443
52.8265 398.271 62.1383 196.575
60.065 1248.25 57.6387 611.349
64.0331 651.051 63.9738 586.833
75.8946 612.653 58.909 814.492
51.3118 536.366 59.7038 738.595
54.0199 552.262 62.5529 512.361
53.9992 618.326 61.2201 579.451
49.1238 594.591 59.6148 740.943
66.1786 405.998 64.9398 439.122
72.5804 451.403 66.3115 606.53
75.6485 557.57 65.1256 426.427
48.1358 507.11 65.6977 511.659
71.2843 -45.2303 60.6673 153.986
67.5098 -519.188 54.4315 125.378
83.4772 -430.807 56.3167 373.619
60.7371 -316.72 54.1834 227.008
82.0905 -510.301 61.0671 407.135
50.8634 -375.252 53.3091 537.811
62.9006 -339.723 56.6507 447.431
62.8482 -487.203 55.2455 353.434
76.7053 -759.864 53.5779 700.37
71.3648 -664.731 59.7156 364.41
75.3938 -300.657 58.7808 339.162
54.5105 -174.529 53.2813 306.601
78.2398 -664.469 55.4386 457.123
51.6678 56.9023 52.9847 308.987
63.0401 -376.601 55.2219 420.184
61.2069 -174.451 50.5825 380.268
48.3097 -214.614 56.7949 589.808
61.7837 -111.533 54.7412 209.736
70.4777 -90.5004 58.59 452.952
48.6488 304.848 49.3855 364.14
71.7895 -155.626 54.7282 367.929
76.8358 -394.438 52.118 215.863
55 0 59.8306 694.343
55 0 68.1977 487.586
55 0 60.4337 690.978
55 0 62.9939 1148.66
55 0 57.1796 1098.21
55 0 65.5034 1223.03
55 0 54.694 1161.63
55 0 66.0435 1347.67
73.9662 -154.525 55.4785 1286.23
57.9031 754.046 72.1594 1301.06
48.8875 556.623 56.9528 357.298
75.2942 479.965 63.9626 385.492
49.37 281.843 53.176 582.767
87.0145 50.6665 59.8086 864.216
53.9498 244.263 49.8143 458.838
47.9331 362.083 60.9079 747.238
60.312 543.399 53.4171 523.854
47.8446 165.32 58.9537 684.702
64.4469 -63.6699 49.4457 397.005
47.2022 363.095 64.4324 518.728
43.5225 210.063 49.4136 421.166
50.416 -446.048 50.7614 391.027
55 0 41.8837 492.827
55 0 36.176 406.813
55 0 45.2763 -228.354
55 0 36.718 497.283
55 0 42.6078 362.529
55 0 31.688 442.064
55 0 44.9613 405.477
55 0 37.4614 373.342
55 0 44.7238 447.792
55.1158 1293.18 39.0264 419.957
72.0321 84.1013 44.3163 165.943
70.66 132.953 47.6557 31.8246
66.8319 -317.958 42.4969 257.084
76.2955 64.2526 49.4323 342.765
52.7245 403.837 40.0244 197.302
73.3319 -11.9825 47.7791 317.599
44.1644 392.522 39.7709 306.624
56.7128 39.6951 49.6017 451.767
38.6648 69.5825 44.9798 336.04
67.3629 84.3873 47.8151 418.061
83.1251 115.054 44.2948 419.727
60.7045 259.064 34.5667 375.978
54.5629 229.7 56.8656 477.27
67.9265 396.809 48.5236 561.87
68.3511 528.626 55.7316 438.002
50.7605 365.249 59.8101 434.712
53.0368 502.118 62.3253 532.868
52.7014 462.165 49.9656 733.578
54.36 352.767 48.8516 631.356
60.0226 360.277 53.1617 666.184
56.8686 369.546 55.1755 639.778
55.0932 345.156 54.4805 441.089
48.9934 493.571 57.9317 575.122
52.9157 469.831 53.7304 468.28
55.0201 306.367 52.4206 444.411
54.7043 366.812 57.4187 890.22
51.6122 318.026 59.7711 655.912
49.2728 381.936 52.3383 704.022
48.9939 290.47 50.5595 632.211
54.4635 150.947 63.4139 372.715
59.8412 503.407 47.2925 551.029
57.6418 41.5737 63.4448 456.409
60.4043 187.577 54.5937 414.806
62.784 24.7523 66.0572 518.997
77.8645 -541.394 56.1583 123.899
83.2676 -417.832 46.0378 189.486
73.5963 -20.5483 43.4903 275.945
60.8138 28.0756 46.3194 257.83
55.8492 -45.3644 41.9178 400.58
54.8036 -190.944 48.8947 495.023
80.4864 -656.673 45.6149 484.09
72.9908 -75.5587 37.0069 327.241
66.0687 -39.6852 54.0259 350.639
60.1883 15.2364 46.8111 274.95
69.6216 125.188 46.3364 372.366
63.3049 -631.659 52.1029 298.487
58.5772 286.168 48.3293 397.648
67.0599 97.943 51.7008 435.871
57.4517 141.359 54.5069 374.213
49.9074 309.458 46.3296 484.322
70.2727 278.449 41.0627 354.011
46.5414 333.762 49.9464 376.272
60.6163 -238.702 51.6748 423.232
68.8073 378.94 43.8657 343.159
51.9834 335.195 48.7022 522.952
55.3119 80.9326 47.0574 612.214
55 0 48.2882 748.778
55 0 51.5594 571.402
55 0 52.6609 980.781
55 0 41.0575 657.856
55 0 46.902 982.75
55 0 46.8083 982.008
55 0 51.4869 824.82
55 0 49.4212 912.857
55 0 47.3169 817.805
69.4994 -333.149 47.5625 780.951
50.8995 395.393 43.4734 177.759
68.0821 400.927 52.4918 268.182
53.8129 337.495 49.8786 345.982
58.5082 100.509 44.8426 631.7
55.6137 201.215 42.9465 386.943
49.0792 -210.824 47.6093 560.226
64.0472 496.824 41.1264 515.754
45.3248 334.977 47.4149 329.497
52.8628 293.57 51.0721 462.747
62.5194 303.389 40.2139 299.792
51.952 387.685 48.9369 618.093
59.1526 318.479 45.8355 550.137
55 0 48.3676 -114.011
55 0 38.6629 351.698
55 0 34.3372 99.9599
55 0 39.7327 464.233
55 0 41.4472 298.677
55 0 52.2579 532.408
55 0 40.3905 366.088
55 0 57.2851 587.783
55 0 42.8501 464.184
55 0 53.5532 656.451
55 0 43.9728 245.455
46.6041 34.6809 45.3432 185.049
52.061 -27.5933 43.8963 278.286
70.3413 -368.916 46.1433 281.531
50.6059 -140.2 47.0862 209.388
61.0562 -41.1049 42.5271 327.551
125.937 -5030.24 46.2835 169.423
70.0658 1.92971 43.1082 265.438
56.7844 187.672 39.789 205.91
52.4593 -261.094 47.7978 292.075
52.9438 -146.899 41.4849 241.01
64.1782 -164.831 41.5803 319.415
67.4541 -49.43 42.8321 292.513
59.3373 127.177 40.8664 277.332
62.3382 157.679 46.0083 124.547
60.3101 62.9375 43.1826 113.387
63.1292 330.88 47.3032 85.5068
74.702 60.3146 45.9046 211.928
55.4189 127.945 47.525 215.948
47.695 109.183 44.8093 200
61.7656 53.3058 46.9431 217.134
59.794 317.492 42.8883 220.617
66.2822 117.268 45.4945 74.3794
58.0274 202.364 48.323 150.993
56.5884 25.9043 48.5109 223.627
62.8688 178.987 41.5856 262.178
81.1592 108.912 46.9583 192.734
65.1957 280.754 43.5188 127.223
62.254 154.227 50.5254 308.823
57.9046 284.331 45.0074 197.515
53.4308 200.216 48.9568 196.145
83.0973 19.4354 50.3551 -200.187
61.5487 -31.4885 50.0488 181.699
73.3295 -80.5691 42.7855 272.443
68.6795 -372.614 38.6869 46.7354
53.2747 -509.043 43.6838 300.209
56.4051 260.318 41.5529 92.7184
46.3452 858.403 42.9182 184.865
58.0305 -138.736 37.4293 182.012
46.6783 249.132 43.0852 250.552
67.9604 23.9134 36.5826 335.749
68.8063 416.052 43.2939 238.6
42.1055 358.773 38.7619 247.297
65.157 -550.5 42.7373 307.81
55.7914 363.382 35.8392 262.696
68.7642 145.6 42.7397 284.265
58.6186 322.479 36.8243 341.416
59.2161 345.818 42.29 355.146
56.2785 431.901 40.3596 274.026
69.4093 233.195 39.5048 306.672
47.743 260.895 38.5728 365.885
56.2691 130.361 43.3943 319.501
62.5076 322.621 38.2809 378.918
72.1039 79.0508 42.8823 252.529
49.3928 -25.6988 39.2107 316.296
49.7116 338.365 40.101 304.696
55 0 67.8822 456.045
55 0 66.2813 469.925
55 0 67.1721 589.973
55 0 70.2012 921.051
55 0 60.7497 913.37
55 0 61.5485 911.582
55 0 61.2718 861.553
55 0 61.1092 938.33
55 0 62.5318 833.598
55 0 61.2215 526.209
59.1054 131.7 59.4883 463.305
66.8092 235.162 57.1592 317.69
77.3617 401.325 58.409 406.091
71.5941 -59.0451 59.3168 638.449
61.9777 220.245 63.0036 511.884
65.6592 138.883 59.896 697.821
57.4403 227.767 70.6911 553.66
60.4948 87.0444 64.4688 534.169
80.4466 584.834 80.3109 253.346
56.9168 94.3562 62.5218 577.562
76.0038 245.957 57.9924 507.501
70.176 -152.839 58.2924 441.848
55 0 46.0347 430.483
55 0 46.6739 735.01
55 0 38.4344 1245.4
55 0 53.3211 166.072
55 0 42.5796 1103.58
55 0 51.918 580.885
55 0 50.5757 593.326
55 0 59.2713 633.182
55 0 49.4218 533.531
55 0 54.2997 658.502
55 0 41.5841 446.879
73.0671 -63.4368 49.7553 527.017
71.5994 266.532 50.7426 580.968
71.1521 -15.583 52.5279 693.274
67.2186 123.451 45.6361 379.525
74.3965 179.02 54.455 465.846
73.4398 308.339 39.4653 357.944
72.0641 156.047 44.2386 425.927
65.6199 259.572 41.059 326.785
75.8173 -144.942 48.7904 338.013
76.078 -472.381 42.6436 352.459
72.3465 -190.747 49.5752 386.888
57.3559 42.7428 48.5899 699.636
77.3855 -246.068 48.1428 614.051
54.1578 -45.9231 50.0636 490.658
58.2567 -162.483 45.0135 419.429
71.322 -153.833 48.672 385.618
60.0386 65.1706 41.875 570.748
84.7285 -135.696 49.3562 564.499
86.0724 -347.479 46.8828 522.746
72.8802 17.2164 44.7612 645.548
75.2028 34.0569 44.0768 383.287
77.1601 -172.216 46.3616 443.421
73.651 32.578 47.2448 349.845
70.1303 115.726 49.7728 543.52
66.2407 225.593 46.2622 552.974
88.7822 -62.8469 46.8721 491.308
93.6358 180.345 42.9716 574.5
53.4295 385.987 52.0155 480.813
80.5081 459.917 43.0108 594.176
86.1856 213.662 46.9231 456.243
68.4026 -66.9073 46.0812 332.258
68.7631 176.925 44.3312 567.888
69.4948 4.4291 43.016 607.403
85.9538 -1202.4 46.6932 407.844
80.8948 -872.926 40.3345 366.245
66.9088 1.88743 43.5073 419.664
58.5336 -549.274 43.8958 464.152
62.4766 616.204 45.8893 478.257
55 0 44.4881 456.75
85.6321 -1638.32 43.0086 616.87
55.9332 446.836 43.119 659.609
72.8928 -160.525 43.6131 513.312
89.956 -1661.99 40.7474 549.28
50.7422 646.261 45.598 451.99
51.1598 764.373 36.9469 407.554
56.3355 838.606 42.2683 485.906
69.2222 551.066 37.383 470.156
64.1891 669.234 42.4418 426.911
63.5906 901.655 37.4796 461.03
60.2623 646.05 42.2243 466.342
53.0667 907.319 41.7272 460.035
71.5562 797.73 40.7696 387.018
56.2076 1102.85 42.715 467.35
55.9015 764.215 46.5866 532.281
57.5807 787.868 35.8447 473.865
55 0 56.2942 955.75
55 0 60.7656 918.19
55 0 51.2897 731.206
55 0 56.9121 843.426
55 0 51.7417 768.79
55 0 55.6879 872.416
55 0 55.3852 879.59
55 0 58.0519 964.007
55 0 56.5404 919.577
55 0 56.3723 567.103
67.5114 487.777 52.1876 135.848
63.5901 428.632 54.2997 70.7841
59.6921 751.521 50.4948 317.779
59.2171 555.877 55.1269 410.321
53.6587 765.132 50.0612 467.844
71.4102 438.843 53.6934 553.945
58.9274 692.78 53.8126 450.871
77.3907 202.319 53.635 383.304
59.9303 647.807 49.5403 393.323
54.9635 302.135 53.7176 240.697
69.4477 588.392 52.5377 117.179
82.8335 249.868 52.5393 467.08
55 0 51.1742 683.523
55 0 33.0763 1338.37
55 0 46.1585 1003.65
55 0 42.6983 529.364
55 0 55.5361 864.909
55 0 46.467 869.748
55 0 53.9137 1048.11
55 0 46.8903 806.159
55 0 55.9343 869.098
55 0 46.2555 749.45
55 0 53.0811 563.243
78.0258 308.585 49.4109 695.815
58.3279 419.507 32.353 492.484
53.4531 202.978 39.0995 382.585
61.0971 806.114 55.6473 628.645
81.6232 -302.528 50.0744 398.749
63.0014 476.824 49.0995 635.952
107.765 -875.265 54.0816 471.387
71.7321 513.864 52.5721 567.86
67.5746 117.072 47.1834 557.479
71.7749 -163.752 59.3758 567.873
79.5862 -50.879 51.4849 512.109
91.6881 -527.976 44.8603 450.829
91.66 -734.343 52.6676 289.717
69.7301 49.9337 52.6191 227.59
75.3941 497.17 51.5646 695.192
60.4987 154.449 47.5126 284.983
83.8455 -279.597 51.0286 335.765
82.4621 -559.427 46.1387 693.21
66.7911 -98.2498 48.6097 377.012
75.1384 37.9337 47.3709 437.017
78.8295 635.312 49.2841 -68.744
70.6833 -84.6878 51.5996 253.804
73.0945 -152.254 47.4946 425.113
71.2552 198.532 51.4856 403.668
68.0432 272.417 47.4156 424.74
70.4549 306.201 47.6501 317.827
84.2636 382.022 49.9893 459.248
72.9868 486.49 49.6267 254.751
85.5439 387.433 50.77 405.008
86.3265 289.288 49.4417 302.3
64.9214 236.73 51.0396 292.84
79.4788 194.45 50.4393 299.677
69.8828 233.21 53.4639 455.368
56.8992 603.36 49.6581 634.822
67.7131 24.1698 49.7624 658.241
62.5845 508.448 47.8635 300.6
71.9234 426.438 48.136 422.131
66.5959 492.224 51.4749 333.398
52.2781 558.974 47.7288 469.919
66.9367 428.588 47.1347 415.516
58.5053 467.175 44.4188 465.998
55.2218 318.957 48.1706 576.929
61.6688 467.594 50.1908 532.815
70.4542 600.814 46.6724 430.925
78.696 633.794 43.8604 518.755
70.3309 765.639 47.1109 460.531
68.2771 743.443 43.5821 529.679
63.8741 375.75 47.0831 656.386
63.0681 442.692 46.3549 637.305
68.0071 445.324 47.2831 492.065
58.2782 439.005 42.1279 426.218
49.8521 434.537 45.6071 495.06
50.6066 481.312 40.6003 495.238
71.1921 500.551 47.8678 629.852
61.1533 176.714 38.7899 606.098
55 0 54.0486 882.398
55 0 49.3294 1159.8
55 0 56.0916 771.888
55 0 48.1879 917.487
55 0 54.5679 1016.33
55 0 55.4888 989.234
55 0 58.0952 836.822
55 0 55.1176 1018.05
55 0 58.921 1028.47
55 0 51.548 736.187
64.3414 311.395 55.7308 598.093
62.7639 444.185 51.613 133.391
52.9073 572.076 52.7053 527.313
59.1362 277.993 48.5305 576.144
48.0766 309.41 59.0353 549.142
60.7341 10.5378 53.1003 524.782
61.6171 256.173 57.0699 474.545
67.3666 -46.2211 49.9154 468.481
56.2373 210.748 55.2453 432.792
65.2078 -68.7821 53.9634 453.319
65.8113 -93.2299 56.7244 418.676
62.1077 -35.2703 52.0573 442.741
55 0 51.3444 1146.71
55 0 47.1909 1015.1
55 0 57.6217 933.078
55 0 55.7246 791.838
55 0 56.0091 788.696
55 0 50.2874 797.536
55 0 57.5987 774.577
55 0 46.5692 649.897
55 0 46.0395 621.253
55 0 53.9858 627.679
62.3781 893.78 54.6873 602.1
67.3358 128.709 54.795 243.299
65.0732 361.07 45.5371 471.171
66.209 42.2181 47.9314 634.632
51.34 284.249 52.2435 440.914
56.9929 -3.83962 53.294 584.6
46.0742 456.688 47.6146 503.363
76.0938 -217.918 56.4886 601.845
70.8081 180.24 49.4204 456.84
51.8656 -32.9832 45.7344 641.103
74.8309 -334.962 49.2749 580.864
74.6258 275.745 58.612 432.815
